municipality,group,variable,month,< de 2 años-H,< de 2 años-M,2 a 4 años-H,2 a 4 años-M,TOTAL-H,TOTAL-M,TOTAL
ACACIO,desnutricion global,desnutricion grave (g),2005-01-01,2,1,0,0,2,1,3
ACHACACHI,desnutricion global,desnutricion grave (g),2005-01-01,5,0,0,2,5,2,7
ACHOCALLA,desnutricion global,desnutricion grave (g),2005-01-01,0,3,0,1,0,4,4
AIQUILE,desnutricion global,desnutricion grave (g),2005-01-01,3,4,2,0,5,4,9
ALALAY,desnutricion global,desnutricion grave (g),2005-01-01,1,0,0,1,1,1,2
ALCALA,desnutricion global,desnutricion grave (g),2005-01-01,0,1,0,3,0,4,4
ANCORAIMES,desnutricion global,desnutricion grave (g),2005-01-01,2,1,0,1,2,2,4
ANTEQUERA,desnutricion global,desnutricion grave (g),2005-01-01,1,0,1,0,2,0,2
ANZALDO,desnutricion global,desnutricion grave (g),2005-01-01,3,3,0,2,3,5,8
APOLO,desnutricion global,desnutricion grave (g),2005-01-01,0,1,1,1,1,2,3
ARANI,desnutricion global,desnutricion grave (g),2005-01-01,1,1,0,0,1,1,2
ARQUE,desnutricion global,desnutricion grave (g),2005-01-01,0,1,0,0,0,1,1
ATOCHA,desnutricion global,desnutricion grave (g),2005-01-01,3,5,0,1,3,6,9
AUCAPATA,desnutricion global,desnutricion grave (g),2005-01-01,2,0,0,0,2,0,2
AYATA,desnutricion global,desnutricion grave (g),2005-01-01,2,2,1,3,3,5,8
AYOPAYA (V. DE INDEPENDENCIA),desnutricion global,desnutricion grave (g),2005-01-01,0,0,1,0,1,0,1
AZURDUY,desnutricion global,desnutricion grave (g),2005-01-01,7,4,1,2,8,6,14
BAURES,desnutricion global,desnutricion grave (g),2005-01-01,1,0,0,0,1,0,1
BERMEJO,desnutricion global,desnutricion grave (g),2005-01-01,2,1,0,1,2,2,4
BETANZOS,desnutricion global,desnutricion grave (g),2005-01-01,2,2,1,2,3,4,7
BOLIVAR,desnutricion global,desnutricion grave (g),2005-01-01,2,9,0,1,2,10,12
BUENA VISTA,desnutricion global,desnutricion grave (g),2005-01-01,1,0,0,0,1,0,1
CABEZAS,desnutricion global,desnutricion grave (g),2005-01-01,3,2,1,0,4,2,6
CAIROMA,desnutricion global,desnutricion grave (g),2005-01-01,1,1,1,1,2,2,4
"CAIZA ""D""",desnutricion global,desnutricion grave (g),2005-01-01,0,1,0,0,0,1,1
CAJUATA,desnutricion global,desnutricion grave (g),2005-01-01,2,0,0,0,2,0,2
CALAMARCA,desnutricion global,desnutricion grave (g),2005-01-01,0,1,0,2,0,3,3
CAMIRI,desnutricion global,desnutricion grave (g),2005-01-01,5,12,5,10,10,22,32
CAPINOTA,desnutricion global,desnutricion grave (g),2005-01-01,3,0,1,0,4,0,4
CAQUIAVIRI,desnutricion global,desnutricion grave (g),2005-01-01,1,0,0,0,1,0,1
CARANAVI,desnutricion global,desnutricion grave (g),2005-01-01,8,6,5,4,13,10,23
CARAPARI,desnutricion global,desnutricion grave (g),2005-01-01,1,0,0,0,1,0,1
CHALLAPATA,desnutricion global,desnutricion grave (g),2005-01-01,2,3,0,0,2,3,5
CHARAGUA,desnutricion global,desnutricion grave (g),2005-01-01,7,4,2,2,9,6,15
CHAYANTA,desnutricion global,desnutricion grave (g),2005-01-01,3,3,1,1,4,4,8
CHIMORE,desnutricion global,desnutricion grave (g),2005-01-01,0,0,0,1,0,1,1
CHUMA,desnutricion global,desnutricion grave (g),2005-01-01,0,2,0,0,0,2,2
CLIZA,desnutricion global,desnutricion grave (g),2005-01-01,4,2,0,0,4,2,6
COBIJA,desnutricion global,desnutricion grave (g),2005-01-01,2,1,0,1,2,2,4
COCHABAMBA,desnutricion global,desnutricion grave (g),2005-01-01,14,12,3,0,17,12,29
COLCAPIRHUA,desnutricion global,desnutricion grave (g),2005-01-01,3,0,0,0,3,0,3
COLOMI,desnutricion global,desnutricion grave (g),2005-01-01,2,2,1,1,3,3,6
COLPA BELGICA,desnutricion global,desnutricion grave (g),2005-01-01,0,1,0,0,0,1,1
COLQUECHACA,desnutricion global,desnutricion grave (g),2005-01-01,6,1,3,0,9,1,10
COLQUIRI,desnutricion global,desnutricion grave (g),2005-01-01,1,0,0,2,1,2,3
COMARAPA,desnutricion global,desnutricion grave (g),2005-01-01,2,3,0,0,2,3,5
CORQUE,desnutricion global,desnutricion grave (g),2005-01-01,1,1,0,0,1,1,2
COTAGAITA,desnutricion global,desnutricion grave (g),2005-01-01,6,4,4,2,10,6,16
COTOCA,desnutricion global,desnutricion grave (g),2005-01-01,0,1,0,1,0,2,2
CULPINA,desnutricion global,desnutricion grave (g),2005-01-01,3,4,2,1,5,5,10
EL ALTO,desnutricion global,desnutricion grave (g),2005-01-01,18,21,11,10,29,31,60
EL PUENTE(TJA),desnutricion global,desnutricion grave (g),2005-01-01,0,0,0,1,0,1,1
EL TORNO,desnutricion global,desnutricion grave (g),2005-01-01,1,0,0,0,1,0,1
EL VILLAR,desnutricion global,desnutricion grave (g),2005-01-01,0,0,0,1,0,1,1
ENTRE RIOS,desnutricion global,desnutricion grave (g),2005-01-01,3,2,3,3,6,5,11
ENTRE RIOS,desnutricion global,desnutricion grave (g),2005-01-01,1,0,0,1,1,1,2
EUCALIPTUS,desnutricion global,desnutricion grave (g),2005-01-01,1,1,0,0,1,1,2
GENERAL SAAVEDRA,desnutricion global,desnutricion grave (g),2005-01-01,2,0,0,0,2,0,2
GRAL. J.J. PEREZ (CHARAZANI),desnutricion global,desnutricion grave (g),2005-01-01,0,1,0,0,0,1,1
GUANAY,desnutricion global,desnutricion grave (g),2005-01-01,0,1,0,0,0,1,1
GUTIERREZ,desnutricion global,desnutricion grave (g),2005-01-01,7,3,3,5,10,8,18
HUACARETA,desnutricion global,desnutricion grave (g),2005-01-01,0,1,0,1,0,2,2
HUACAYA (VILLA DE HUACAYA),desnutricion global,desnutricion grave (g),2005-01-01,0,0,2,1,2,1,3
HUANUNI,desnutricion global,desnutricion grave (g),2005-01-01,2,0,0,0,2,0,2
HUAYLLAMARCA,desnutricion global,desnutricion grave (g),2005-01-01,1,0,0,0,1,0,1
ICHOCA,desnutricion global,desnutricion grave (g),2005-01-01,0,0,1,0,1,0,1
ICLA,desnutricion global,desnutricion grave (g),2005-01-01,6,0,0,1,6,1,7
INCAHUASI,desnutricion global,desnutricion grave (g),2005-01-01,3,3,1,1,4,4,8
INQUISIVI,desnutricion global,desnutricion grave (g),2005-01-01,0,0,0,1,0,1,1
IXIAMAS,desnutricion global,desnutricion grave (g),2005-01-01,2,0,0,1,2,1,3
LA ASUNTA,desnutricion global,desnutricion grave (g),2005-01-01,2,4,6,4,8,8,16
LA GUARDIA,desnutricion global,desnutricion grave (g),2005-01-01,0,1,2,3,2,4,6
LA PAZ,desnutricion global,desnutricion grave (g),2005-01-01,9,5,1,8,10,13,23
LAJA,desnutricion global,desnutricion grave (g),2005-01-01,1,0,0,0,1,0,1
LLALLAGUA,desnutricion global,desnutricion grave (g),2005-01-01,3,3,2,3,5,6,11
LLICA,desnutricion global,desnutricion grave (g),2005-01-01,1,0,0,0,1,0,1
LURIBAY,desnutricion global,desnutricion grave (g),2005-01-01,0,2,0,0,0,2,2
MACHACAMARCA,desnutricion global,desnutricion grave (g),2005-01-01,0,0,0,1,0,1,1
MACHARETI,desnutricion global,desnutricion grave (g),2005-01-01,2,1,2,1,4,2,6
MAGDALENA,desnutricion global,desnutricion grave (g),2005-01-01,2,0,0,1,2,1,3
MAPIRI,desnutricion global,desnutricion grave (g),2005-01-01,2,1,0,1,2,2,4
MECAPACA,desnutricion global,desnutricion grave (g),2005-01-01,0,0,1,1,1,1,2
MINEROS,desnutricion global,desnutricion grave (g),2005-01-01,9,4,2,1,11,5,16
MIZQUE,desnutricion global,desnutricion grave (g),2005-01-01,0,0,4,2,4,2,6
MOJOCOYA,desnutricion global,desnutricion grave (g),2005-01-01,2,0,0,0,2,0,2
MONTEAGUDO,desnutricion global,desnutricion grave (g),2005-01-01,1,4,1,0,2,4,6
MONTERO,desnutricion global,desnutricion grave (g),2005-01-01,15,2,6,1,21,3,24
MORO MORO,desnutricion global,desnutricion grave (g),2005-01-01,1,0,1,1,2,1,3
OCURI,desnutricion global,desnutricion grave (g),2005-01-01,7,7,5,3,12,10,22
OKINAWA,desnutricion global,desnutricion grave (g),2005-01-01,2,3,0,0,2,3,5
ORURO,desnutricion global,desnutricion grave (g),2005-01-01,5,6,2,1,7,7,14
PADCAYA,desnutricion global,desnutricion grave (g),2005-01-01,1,0,0,0,1,0,1
PADILLA,desnutricion global,desnutricion grave (g),2005-01-01,2,1,1,2,3,3,6
PAILON,desnutricion global,desnutricion grave (g),2005-01-01,0,0,2,0,2,0,2
PALCA,desnutricion global,desnutricion grave (g),2005-01-01,5,2,0,0,5,2,7
PALOS BLANCOS,desnutricion global,desnutricion grave (g),2005-01-01,1,5,1,2,2,7,9
PAMPA GRANDE,desnutricion global,desnutricion grave (g),2005-01-01,0,2,0,0,0,2,2
PATACAMAYA,desnutricion global,desnutricion grave (g),2005-01-01,0,2,0,0,0,2,2
PAZÑA,desnutricion global,desnutricion grave (g),2005-01-01,0,0,1,0,1,0,1
POCOATA,desnutricion global,desnutricion grave (g),2005-01-01,2,2,5,4,7,6,13
POCONA,desnutricion global,desnutricion grave (g),2005-01-01,1,2,1,0,2,2,4
POJO (CBBA),desnutricion global,desnutricion grave (g),2005-01-01,2,1,0,1,2,2,4
PORCO,desnutricion global,desnutricion grave (g),2005-01-01,1,0,0,0,1,0,1
POROMA,desnutricion global,desnutricion grave (g),2005-01-01,5,0,4,2,9,2,11
PORTACHUELO,desnutricion global,desnutricion grave (g),2005-01-01,1,0,0,0,1,0,1
POTOSI,desnutricion global,desnutricion grave (g),2005-01-01,7,1,2,1,9,2,11
PRESTO,desnutricion global,desnutricion grave (g),2005-01-01,7,0,0,0,7,0,7
PUCARANI,desnutricion global,desnutricion grave (g),2005-01-01,2,0,0,0,2,0,2
PUERTO ACOSTA,desnutricion global,desnutricion grave (g),2005-01-01,1,2,0,0,1,2,3
PUERTO GONZALO MORENO,desnutricion global,desnutricion grave (g),2005-01-01,1,0,0,0,1,0,1
PUERTO PEREZ,desnutricion global,desnutricion grave (g),2005-01-01,0,0,1,0,1,0,1
PUERTO VILLARROEL,desnutricion global,desnutricion grave (g),2005-01-01,11,14,10,11,21,25,46
PUNA,desnutricion global,desnutricion grave (g),2005-01-01,3,8,2,1,5,9,14
PUNATA,desnutricion global,desnutricion grave (g),2005-01-01,3,3,0,0,3,3,6
QUIABAYA,desnutricion global,desnutricion grave (g),2005-01-01,0,1,0,0,0,1,1
QUILLACOLLO,desnutricion global,desnutricion grave (g),2005-01-01,5,5,1,3,6,8,14
QUIME,desnutricion global,desnutricion grave (g),2005-01-01,1,1,0,0,1,1,2
RAVELO,desnutricion global,desnutricion grave (g),2005-01-01,2,1,1,1,3,2,5
REYES,desnutricion global,desnutricion grave (g),2005-01-01,0,0,0,1,0,1,1
RIBERALTA,desnutricion global,desnutricion grave (g),2005-01-01,6,15,12,17,18,32,50
ROBORE,desnutricion global,desnutricion grave (g),2005-01-01,0,3,2,0,2,3,5
SACABA,desnutricion global,desnutricion grave (g),2005-01-01,4,2,2,1,6,3,9
SACABAMBA,desnutricion global,desnutricion grave (g),2005-01-01,2,2,0,0,2,2,4
SAN ANTONIO DE LOMERIO,desnutricion global,desnutricion grave (g),2005-01-01,1,3,1,2,2,5,7
SAN BENITO,desnutricion global,desnutricion grave (g),2005-01-01,1,0,0,0,1,0,1
SAN BORJA,desnutricion global,desnutricion grave (g),2005-01-01,5,5,1,1,6,6,12
SAN BUENA VENTURA,desnutricion global,desnutricion grave (g),2005-01-01,0,1,0,0,0,1,1
SAN CARLOS,desnutricion global,desnutricion grave (g),2005-01-01,3,1,1,0,4,1,5
SAN IGNACIO,desnutricion global,desnutricion grave (g),2005-01-01,3,1,2,0,5,1,6
SAN IGNACIO DE VELASCO,desnutricion global,desnutricion grave (g),2005-01-01,13,11,4,4,17,15,32
SAN JAVIER(BNI),desnutricion global,desnutricion grave (g),2005-01-01,0,1,1,0,1,1,2
SAN JOAQUIN,desnutricion global,desnutricion grave (g),2005-01-01,0,1,0,0,0,1,1
SAN JOSE DE CHIQUITOS,desnutricion global,desnutricion grave (g),2005-01-01,1,0,0,0,1,0,1
SAN JULIAN,desnutricion global,desnutricion grave (g),2005-01-01,5,0,1,0,6,0,6
SAN LORENZO(PND),desnutricion global,desnutricion grave (g),2005-01-01,1,0,0,0,1,0,1
SAN LORENZO(TJA),desnutricion global,desnutricion grave (g),2005-01-01,0,0,2,0,2,0,2
SAN LUCAS,desnutricion global,desnutricion grave (g),2005-01-01,10,12,4,7,14,19,33
SAN MIGUEL DE VELASCO,desnutricion global,desnutricion grave (g),2005-01-01,3,1,0,1,3,2,5
SAN PABLO DE LIPEZ,desnutricion global,desnutricion grave (g),2005-01-01,0,1,0,0,0,1,1
SAN PEDRO DE BUENA VISTA,desnutricion global,desnutricion grave (g),2005-01-01,0,1,1,3,1,4,5
SAN RAFAEL,desnutricion global,desnutricion grave (g),2005-01-01,1,1,0,1,1,2,3
SANTA ANA,desnutricion global,desnutricion grave (g),2005-01-01,0,1,0,1,0,2,2
SANTA CRUZ DE LA SIERRA,desnutricion global,desnutricion grave (g),2005-01-01,82,51,17,13,99,64,163
SANTA ROSA DEL SARA,desnutricion global,desnutricion grave (g),2005-01-01,1,2,1,1,2,3,5
SANTIAGO DE HUARI,desnutricion global,desnutricion grave (g),2005-01-01,0,1,0,0,0,1,1
SANTUARIO DE QUILLACAS,desnutricion global,desnutricion grave (g),2005-01-01,1,0,0,0,1,0,1
SENA,desnutricion global,desnutricion grave (g),2005-01-01,0,0,1,1,1,1,2
SICA SICA (VILLA AROMA),desnutricion global,desnutricion grave (g),2005-01-01,1,3,0,0,1,3,4
SIPE SIPE,desnutricion global,desnutricion grave (g),2005-01-01,7,4,0,1,7,5,12
SOPACHUY,desnutricion global,desnutricion grave (g),2005-01-01,1,3,0,4,1,7,8
SORACACHI,desnutricion global,desnutricion grave (g),2005-01-01,1,0,0,0,1,0,1
SUCRE,desnutricion global,desnutricion grave (g),2005-01-01,7,4,2,3,9,7,16
TACACHI,desnutricion global,desnutricion grave (g),2005-01-01,0,1,0,0,0,1,1
TACOPAYA,desnutricion global,desnutricion grave (g),2005-01-01,2,0,0,0,2,0,2
TAPACARI,desnutricion global,desnutricion grave (g),2005-01-01,7,1,1,2,8,3,11
TARABUCO,desnutricion global,desnutricion grave (g),2005-01-01,12,13,7,8,19,21,40
TARACO,desnutricion global,desnutricion grave (g),2005-01-01,0,0,0,4,0,4,4
TARIJA,desnutricion global,desnutricion grave (g),2005-01-01,2,3,0,1,2,4,6
TARVITA,desnutricion global,desnutricion grave (g),2005-01-01,2,3,0,3,2,6,8
TIAWANACU,desnutricion global,desnutricion grave (g),2005-01-01,2,0,0,0,2,0,2
TINGUIPAYA,desnutricion global,desnutricion grave (g),2005-01-01,5,3,3,2,8,5,13
TIQUIPAYA,desnutricion global,desnutricion grave (g),2005-01-01,4,0,0,0,4,0,4
TIRAQUE (CBBA),desnutricion global,desnutricion grave (g),2005-01-01,9,7,2,2,11,9,20
TITO YUPANQUI (PARQUIPUJIO),desnutricion global,desnutricion grave (g),2005-01-01,0,1,0,0,0,1,1
TOMAVE,desnutricion global,desnutricion grave (g),2005-01-01,1,0,0,1,1,1,2
TOMINA,desnutricion global,desnutricion grave (g),2005-01-01,0,1,3,1,3,2,5
TOTORA(CBBA),desnutricion global,desnutricion grave (g),2005-01-01,0,1,0,0,0,1,1
TRINIDAD,desnutricion global,desnutricion grave (g),2005-01-01,8,4,1,2,9,6,15
TUPIZA,desnutricion global,desnutricion grave (g),2005-01-01,2,1,0,0,2,1,3
UNCIA,desnutricion global,desnutricion grave (g),2005-01-01,4,3,1,3,5,6,11
URIONDO (A. CONCEPCION),desnutricion global,desnutricion grave (g),2005-01-01,3,0,1,0,4,0,4
VACAS,desnutricion global,desnutricion grave (g),2005-01-01,0,1,0,2,0,3,3
VALLEGRANDE,desnutricion global,desnutricion grave (g),2005-01-01,1,0,1,1,2,1,3
VIACHA,desnutricion global,desnutricion grave (g),2005-01-01,3,6,0,1,3,7,10
VILA VILA,desnutricion global,desnutricion grave (g),2005-01-01,1,0,1,0,2,0,2
VILLA MONTES,desnutricion global,desnutricion grave (g),2005-01-01,3,2,4,2,7,4,11
VILLA RIVERO,desnutricion global,desnutricion grave (g),2005-01-01,0,1,1,0,1,1,2
VILLA SERRANO,desnutricion global,desnutricion grave (g),2005-01-01,2,0,1,1,3,1,4
VILLA TUNARI,desnutricion global,desnutricion grave (g),2005-01-01,7,3,1,1,8,4,12
VILLA VACA GUZMAN (MUYUPAMPA),desnutricion global,desnutricion grave (g),2005-01-01,3,0,0,1,3,1,4
VILLAZON,desnutricion global,desnutricion grave (g),2005-01-01,0,1,1,0,1,1,2
VINTO,desnutricion global,desnutricion grave (g),2005-01-01,0,0,1,0,1,0,1
VITICHI,desnutricion global,desnutricion grave (g),2005-01-01,1,0,0,0,1,0,1
WARNES,desnutricion global,desnutricion grave (g),2005-01-01,0,0,1,3,1,3,4
YACUIBA,desnutricion global,desnutricion grave (g),2005-01-01,2,4,2,1,4,5,9
YAMPARAEZ,desnutricion global,desnutricion grave (g),2005-01-01,2,4,2,5,4,9,13
YAPACANI,desnutricion global,desnutricion grave (g),2005-01-01,4,6,0,1,4,7,11
YOCALLA,desnutricion global,desnutricion grave (g),2005-01-01,1,0,0,2,1,2,3
YOTALA,desnutricion global,desnutricion grave (g),2005-01-01,1,0,0,0,1,0,1
YUNCHARA,desnutricion global,desnutricion grave (g),2005-01-01,1,0,0,1,1,1,2
ZUDAÑEZ,desnutricion global,desnutricion grave (g),2005-01-01,2,0,4,1,6,1,7
ACACIO,desnutricion global,desnutricion grave (g),2005-02-01,1,3,0,1,1,4,5
ACHACACHI,desnutricion global,desnutricion grave (g),2005-02-01,0,0,4,1,4,1,5
ACHOCALLA,desnutricion global,desnutricion grave (g),2005-02-01,1,0,0,2,1,2,3
AIQUILE,desnutricion global,desnutricion grave (g),2005-02-01,4,3,0,0,4,3,7
ALCALA,desnutricion global,desnutricion grave (g),2005-02-01,1,1,0,0,1,1,2
ANZALDO,desnutricion global,desnutricion grave (g),2005-02-01,0,0,0,1,0,1,1
APOLO,desnutricion global,desnutricion grave (g),2005-02-01,0,1,2,1,2,2,4
ARAMPAMPA,desnutricion global,desnutricion grave (g),2005-02-01,0,0,0,1,0,1,1
ARANI,desnutricion global,desnutricion grave (g),2005-02-01,2,2,0,0,2,2,4
ARBIETO,desnutricion global,desnutricion grave (g),2005-02-01,0,3,0,0,0,3,3
ARQUE,desnutricion global,desnutricion grave (g),2005-02-01,1,0,0,0,1,0,1
ATOCHA,desnutricion global,desnutricion grave (g),2005-02-01,3,4,2,0,5,4,9
AUCAPATA,desnutricion global,desnutricion grave (g),2005-02-01,1,0,0,0,1,0,1
AYATA,desnutricion global,desnutricion grave (g),2005-02-01,3,0,0,1,3,1,4
AYOPAYA (V. DE INDEPENDENCIA),desnutricion global,desnutricion grave (g),2005-02-01,3,1,0,0,3,1,4
AZURDUY,desnutricion global,desnutricion grave (g),2005-02-01,4,3,1,2,5,5,10
BELEN DE URMIRI,desnutricion global,desnutricion grave (g),2005-02-01,0,0,1,0,1,0,1
BETANZOS,desnutricion global,desnutricion grave (g),2005-02-01,7,3,2,2,9,5,14
BOLIVAR,desnutricion global,desnutricion grave (g),2005-02-01,0,2,0,0,0,2,2
BUENA VISTA,desnutricion global,desnutricion grave (g),2005-02-01,1,0,0,1,1,1,2
CABEZAS,desnutricion global,desnutricion grave (g),2005-02-01,1,2,1,0,2,2,4
CAIROMA,desnutricion global,desnutricion grave (g),2005-02-01,1,1,0,0,1,1,2
"CAIZA ""D""",desnutricion global,desnutricion grave (g),2005-02-01,1,1,0,0,1,1,2
CALAMARCA,desnutricion global,desnutricion grave (g),2005-02-01,3,1,1,1,4,2,6
CAMARGO,desnutricion global,desnutricion grave (g),2005-02-01,0,3,1,0,1,3,4
CAMIRI,desnutricion global,desnutricion grave (g),2005-02-01,7,4,3,7,10,11,21
CAPINOTA,desnutricion global,desnutricion grave (g),2005-02-01,4,2,0,2,4,4,8
CAQUIAVIRI,desnutricion global,desnutricion grave (g),2005-02-01,0,0,0,1,0,1,1
CARACOLLO,desnutricion global,desnutricion grave (g),2005-02-01,2,0,0,0,2,0,2
CARANAVI,desnutricion global,desnutricion grave (g),2005-02-01,4,6,2,7,6,13,19
CARIPUYO,desnutricion global,desnutricion grave (g),2005-02-01,1,1,0,0,1,1,2
CHALLAPATA,desnutricion global,desnutricion grave (g),2005-02-01,0,4,0,0,0,4,4
CHARAGUA,desnutricion global,desnutricion grave (g),2005-02-01,3,6,4,4,7,10,17
CHAYANTA,desnutricion global,desnutricion grave (g),2005-02-01,2,2,0,1,2,3,5
CHUMA,desnutricion global,desnutricion grave (g),2005-02-01,2,0,0,1,2,1,3
CLIZA,desnutricion global,desnutricion grave (g),2005-02-01,1,2,0,1,1,3,4
COBIJA,desnutricion global,desnutricion grave (g),2005-02-01,1,0,0,0,1,0,1
COCHABAMBA,desnutricion global,desnutricion grave (g),2005-02-01,7,4,3,3,10,7,17
COLCAPIRHUA,desnutricion global,desnutricion grave (g),2005-02-01,1,0,0,1,1,1,2
"COLCHA ""K""",desnutricion global,desnutricion grave (g),2005-02-01,0,1,0,0,0,1,1
COLOMI,desnutricion global,desnutricion grave (g),2005-02-01,1,2,0,1,1,3,4
COLQUECHACA,desnutricion global,desnutricion grave (g),2005-02-01,8,9,6,1,14,10,24
COLQUIRI,desnutricion global,desnutricion grave (g),2005-02-01,0,0,0,2,0,2,2
COMARAPA,desnutricion global,desnutricion grave (g),2005-02-01,3,2,0,0,3,2,5
CORIPATA,desnutricion global,desnutricion grave (g),2005-02-01,0,0,0,1,0,1,1
CORO CORO,desnutricion global,desnutricion grave (g),2005-02-01,1,0,0,0,1,0,1
COROICO,desnutricion global,desnutricion grave (g),2005-02-01,1,0,0,0,1,0,1
CORQUE,desnutricion global,desnutricion grave (g),2005-02-01,0,1,0,0,0,1,1
COTAGAITA,desnutricion global,desnutricion grave (g),2005-02-01,1,2,1,0,2,2,4
COTOCA,desnutricion global,desnutricion grave (g),2005-02-01,1,3,0,0,1,3,4
CUATRO CAÑADAS,desnutricion global,desnutricion grave (g),2005-02-01,2,0,0,1,2,1,3
CUEVO,desnutricion global,desnutricion grave (g),2005-02-01,0,0,0,1,0,1,1
CULPINA,desnutricion global,desnutricion grave (g),2005-02-01,3,3,3,2,6,5,11
EL ALTO,desnutricion global,desnutricion grave (g),2005-02-01,25,10,8,6,33,16,49
EL PUENTE(TJA),desnutricion global,desnutricion grave (g),2005-02-01,1,0,0,0,1,0,1
EL TORNO,desnutricion global,desnutricion grave (g),2005-02-01,0,2,0,0,0,2,2
EL VILLAR,desnutricion global,desnutricion grave (g),2005-02-01,0,0,1,1,1,1,2
ENTRE RIOS,desnutricion global,desnutricion grave (g),2005-02-01,3,5,1,0,4,5,9
EUCALIPTUS,desnutricion global,desnutricion grave (g),2005-02-01,1,0,0,0,1,0,1
EXALTACION,desnutricion global,desnutricion grave (g),2005-02-01,0,0,0,1,0,1,1
FERNANDEZ ALONSO,desnutricion global,desnutricion grave (g),2005-02-01,1,3,0,1,1,4,5
GENERAL SAAVEDRA,desnutricion global,desnutricion grave (g),2005-02-01,2,0,1,0,3,0,3
GRAL. J.J. PEREZ (CHARAZANI),desnutricion global,desnutricion grave (g),2005-02-01,0,0,1,1,1,1,2
GUANAY,desnutricion global,desnutricion grave (g),2005-02-01,2,0,0,1,2,1,3
GUTIERREZ,desnutricion global,desnutricion grave (g),2005-02-01,3,3,0,3,3,6,9
HUACARETA,desnutricion global,desnutricion grave (g),2005-02-01,0,3,0,1,0,4,4
HUANUNI,desnutricion global,desnutricion grave (g),2005-02-01,2,0,0,1,2,1,3
ICHOCA,desnutricion global,desnutricion grave (g),2005-02-01,0,0,0,1,0,1,1
ICLA,desnutricion global,desnutricion grave (g),2005-02-01,7,3,0,2,7,5,12
INCAHUASI,desnutricion global,desnutricion grave (g),2005-02-01,9,5,3,5,12,10,22
INQUISIVI,desnutricion global,desnutricion grave (g),2005-02-01,0,0,2,0,2,0,2
IRUPANA (VILLA DE LANZA),desnutricion global,desnutricion grave (g),2005-02-01,0,0,1,1,1,1,2
IXIAMAS,desnutricion global,desnutricion grave (g),2005-02-01,0,2,1,0,1,2,3
JESUS DE MACHACA,desnutricion global,desnutricion grave (g),2005-02-01,0,0,1,0,1,0,1
LA ASUNTA,desnutricion global,desnutricion grave (g),2005-02-01,1,2,2,3,3,5,8
LA GUARDIA,desnutricion global,desnutricion grave (g),2005-02-01,4,4,2,0,6,4,10
LA PAZ,desnutricion global,desnutricion grave (g),2005-02-01,12,6,4,3,16,9,25
LAGUNILLAS,desnutricion global,desnutricion grave (g),2005-02-01,3,0,1,0,4,0,4
LAJA,desnutricion global,desnutricion grave (g),2005-02-01,1,0,0,0,1,0,1
LAS CARRERAS,desnutricion global,desnutricion grave (g),2005-02-01,0,0,1,0,1,0,1
LLALLAGUA,desnutricion global,desnutricion grave (g),2005-02-01,1,4,2,1,3,5,8
LURIBAY,desnutricion global,desnutricion grave (g),2005-02-01,0,1,0,0,0,1,1
MACHARETI,desnutricion global,desnutricion grave (g),2005-02-01,0,1,0,1,0,2,2
MAGDALENA,desnutricion global,desnutricion grave (g),2005-02-01,1,1,0,0,1,1,2
MAIRANA,desnutricion global,desnutricion grave (g),2005-02-01,2,0,1,0,3,0,3
MAPIRI,desnutricion global,desnutricion grave (g),2005-02-01,0,1,0,0,0,1,1
MECAPACA,desnutricion global,desnutricion grave (g),2005-02-01,2,0,2,0,4,0,4
MINEROS,desnutricion global,desnutricion grave (g),2005-02-01,2,0,1,0,3,0,3
MIZQUE,desnutricion global,desnutricion grave (g),2005-02-01,4,6,0,2,4,8,12
MOJOCOYA,desnutricion global,desnutricion grave (g),2005-02-01,2,0,0,0,2,0,2
MONTEAGUDO,desnutricion global,desnutricion grave (g),2005-02-01,3,1,1,2,4,3,7
MONTERO,desnutricion global,desnutricion grave (g),2005-02-01,8,4,5,3,13,7,20
MOROCHATA,desnutricion global,desnutricion grave (g),2005-02-01,0,0,1,0,1,0,1
OCURI,desnutricion global,desnutricion grave (g),2005-02-01,2,5,1,3,3,8,11
OKINAWA,desnutricion global,desnutricion grave (g),2005-02-01,0,1,0,0,0,1,1
ORURO,desnutricion global,desnutricion grave (g),2005-02-01,6,15,3,0,9,15,24
PADCAYA,desnutricion global,desnutricion grave (g),2005-02-01,1,0,0,1,1,1,2
PADILLA,desnutricion global,desnutricion grave (g),2005-02-01,3,1,1,3,4,4,8
PAILON,desnutricion global,desnutricion grave (g),2005-02-01,0,0,6,0,6,0,6
PALCA,desnutricion global,desnutricion grave (g),2005-02-01,3,2,3,1,6,3,9
PALOS BLANCOS,desnutricion global,desnutricion grave (g),2005-02-01,3,1,2,2,5,3,8
PAPEL PAMPA,desnutricion global,desnutricion grave (g),2005-02-01,0,0,1,0,1,0,1
PASORAPA,desnutricion global,desnutricion grave (g),2005-02-01,1,0,0,2,1,2,3
PATACAMAYA,desnutricion global,desnutricion grave (g),2005-02-01,1,1,0,0,1,1,2
PELECHUCO,desnutricion global,desnutricion grave (g),2005-02-01,1,2,0,0,1,2,3
POCOATA,desnutricion global,desnutricion grave (g),2005-02-01,3,3,2,2,5,5,10
POCONA,desnutricion global,desnutricion grave (g),2005-02-01,2,0,0,0,2,0,2
POOPO,desnutricion global,desnutricion grave (g),2005-02-01,0,1,0,0,0,1,1
PORCO,desnutricion global,desnutricion grave (g),2005-02-01,1,0,0,0,1,0,1
POROMA,desnutricion global,desnutricion grave (g),2005-02-01,2,6,1,2,3,8,11
PORVENIR,desnutricion global,desnutricion grave (g),2005-02-01,1,0,0,0,1,0,1
POTOSI,desnutricion global,desnutricion grave (g),2005-02-01,4,3,1,1,5,4,9
PRESTO,desnutricion global,desnutricion grave (g),2005-02-01,4,3,2,2,6,5,11
PUERTO CARABUCO,desnutricion global,desnutricion grave (g),2005-02-01,1,1,0,0,1,1,2
PUERTO VILLARROEL,desnutricion global,desnutricion grave (g),2005-02-01,11,10,3,13,14,23,37
PUNA,desnutricion global,desnutricion grave (g),2005-02-01,10,1,1,2,11,3,14
QUILLACOLLO,desnutricion global,desnutricion grave (g),2005-02-01,4,7,0,0,4,7,11
QUIME,desnutricion global,desnutricion grave (g),2005-02-01,0,3,0,0,0,3,3
QUIRUSILLAS,desnutricion global,desnutricion grave (g),2005-02-01,0,2,0,0,0,2,2
RAVELO,desnutricion global,desnutricion grave (g),2005-02-01,2,7,1,0,3,7,10
REYES,desnutricion global,desnutricion grave (g),2005-02-01,0,2,0,1,0,3,3
RIBERALTA,desnutricion global,desnutricion grave (g),2005-02-01,12,15,6,7,18,22,40
SACABA,desnutricion global,desnutricion grave (g),2005-02-01,0,2,1,0,1,2,3
SACABAMBA,desnutricion global,desnutricion grave (g),2005-02-01,0,1,0,0,0,1,1
SACACA,desnutricion global,desnutricion grave (g),2005-02-01,8,3,3,1,11,4,15
SAIPINA,desnutricion global,desnutricion grave (g),2005-02-01,1,0,0,0,1,0,1
SAMAIPATA,desnutricion global,desnutricion grave (g),2005-02-01,1,0,0,0,1,0,1
SAN ANDRES,desnutricion global,desnutricion grave (g),2005-02-01,1,1,0,0,1,1,2
SAN ANTONIO DE LOMERIO,desnutricion global,desnutricion grave (g),2005-02-01,1,2,1,0,2,2,4
SAN BORJA,desnutricion global,desnutricion grave (g),2005-02-01,3,4,3,2,6,6,12
SAN BUENA VENTURA,desnutricion global,desnutricion grave (g),2005-02-01,0,2,0,2,0,4,4
SAN IGNACIO,desnutricion global,desnutricion grave (g),2005-02-01,1,1,0,0,1,1,2
SAN IGNACIO DE VELASCO,desnutricion global,desnutricion grave (g),2005-02-01,5,1,1,3,6,4,10
SAN JAVIER(BNI),desnutricion global,desnutricion grave (g),2005-02-01,0,1,0,0,0,1,1
SAN JAVIER(STC),desnutricion global,desnutricion grave (g),2005-02-01,1,0,1,0,2,0,2
SAN JOSE DE CHIQUITOS,desnutricion global,desnutricion grave (g),2005-02-01,1,1,1,2,2,3,5
SAN JUAN DE YAPACANI,desnutricion global,desnutricion grave (g),2005-02-01,0,1,0,0,0,1,1
SAN JULIAN,desnutricion global,desnutricion grave (g),2005-02-01,3,3,1,0,4,3,7
SAN LORENZO(PND),desnutricion global,desnutricion grave (g),2005-02-01,0,2,0,1,0,3,3
SAN LORENZO(TJA),desnutricion global,desnutricion grave (g),2005-02-01,3,0,1,1,4,1,5
SAN LUCAS,desnutricion global,desnutricion grave (g),2005-02-01,10,8,4,4,14,12,26
SAN MIGUEL DE VELASCO,desnutricion global,desnutricion grave (g),2005-02-01,0,0,0,1,0,1,1
SAN PEDRO DE BUENA VISTA,desnutricion global,desnutricion grave (g),2005-02-01,1,10,1,1,2,11,13
SAN PEDRO DE TIQUINA,desnutricion global,desnutricion grave (g),2005-02-01,0,0,1,0,1,0,1
SAN PEDRO(PND),desnutricion global,desnutricion grave (g),2005-02-01,0,0,0,3,0,3,3
SAN RAFAEL,desnutricion global,desnutricion grave (g),2005-02-01,2,1,1,2,3,3,6
SANTA ANA,desnutricion global,desnutricion grave (g),2005-02-01,2,0,0,0,2,0,2
SANTA CRUZ DE LA SIERRA,desnutricion global,desnutricion grave (g),2005-02-01,57,34,13,16,70,50,120
SANTA ROSA DEL SARA,desnutricion global,desnutricion grave (g),2005-02-01,1,0,1,0,2,0,2
SANTIAGO DE HUARI,desnutricion global,desnutricion grave (g),2005-02-01,0,2,0,0,0,2,2
SANTIAGO DE MACHACA,desnutricion global,desnutricion grave (g),2005-02-01,0,0,0,1,0,1,1
SANTIVAÑES,desnutricion global,desnutricion grave (g),2005-02-01,0,0,0,1,0,1,1
SAPAHAQUI,desnutricion global,desnutricion grave (g),2005-02-01,3,0,0,0,3,0,3
SICA SICA (VILLA AROMA),desnutricion global,desnutricion grave (g),2005-02-01,0,0,0,1,0,1,1
SIPE SIPE,desnutricion global,desnutricion grave (g),2005-02-01,7,2,1,0,8,2,10
SOPACHUY,desnutricion global,desnutricion grave (g),2005-02-01,1,6,0,1,1,7,8
SORACACHI,desnutricion global,desnutricion grave (g),2005-02-01,0,0,1,0,1,0,1
SORATA,desnutricion global,desnutricion grave (g),2005-02-01,1,0,1,1,2,1,3
SUCRE,desnutricion global,desnutricion grave (g),2005-02-01,1,4,0,3,1,7,8
TACOPAYA,desnutricion global,desnutricion grave (g),2005-02-01,2,0,1,0,3,0,3
TAPACARI,desnutricion global,desnutricion grave (g),2005-02-01,3,2,5,0,8,2,10
TARABUCO,desnutricion global,desnutricion grave (g),2005-02-01,10,8,4,6,14,14,28
TARATA,desnutricion global,desnutricion grave (g),2005-02-01,1,0,0,0,1,0,1
TARIJA,desnutricion global,desnutricion grave (g),2005-02-01,1,4,0,0,1,4,5
TARVITA,desnutricion global,desnutricion grave (g),2005-02-01,1,2,2,0,3,2,5
TEOPONTE,desnutricion global,desnutricion grave (g),2005-02-01,1,1,2,0,3,1,4
TINGUIPAYA,desnutricion global,desnutricion grave (g),2005-02-01,3,0,2,1,5,1,6
TIQUIPAYA,desnutricion global,desnutricion grave (g),2005-02-01,2,0,0,0,2,0,2
TIRAQUE (CBBA),desnutricion global,desnutricion grave (g),2005-02-01,5,3,0,1,5,4,9
TOMAVE,desnutricion global,desnutricion grave (g),2005-02-01,2,2,2,0,4,2,6
TOMINA,desnutricion global,desnutricion grave (g),2005-02-01,0,0,1,5,1,5,6
TORO TORO,desnutricion global,desnutricion grave (g),2005-02-01,3,6,1,0,4,6,10
TOTORA(CBBA),desnutricion global,desnutricion grave (g),2005-02-01,1,0,0,4,1,4,5
TOTORA(ORR),desnutricion global,desnutricion grave (g),2005-02-01,0,1,0,0,0,1,1
TRINIDAD,desnutricion global,desnutricion grave (g),2005-02-01,7,5,4,7,11,12,23
TUPIZA,desnutricion global,desnutricion grave (g),2005-02-01,5,4,0,0,5,4,9
UMALA,desnutricion global,desnutricion grave (g),2005-02-01,0,1,0,0,0,1,1
UNCIA,desnutricion global,desnutricion grave (g),2005-02-01,1,1,0,0,1,1,2
URIONDO (A. CONCEPCION),desnutricion global,desnutricion grave (g),2005-02-01,1,0,1,0,2,0,2
VACAS,desnutricion global,desnutricion grave (g),2005-02-01,2,2,1,0,3,2,5
VALLEGRANDE,desnutricion global,desnutricion grave (g),2005-02-01,1,0,0,0,1,0,1
VIACHA,desnutricion global,desnutricion grave (g),2005-02-01,1,10,2,4,3,14,17
VILA VILA,desnutricion global,desnutricion grave (g),2005-02-01,1,0,1,1,2,1,3
VILLA MONTES,desnutricion global,desnutricion grave (g),2005-02-01,4,0,4,1,8,1,9
VILLA SERRANO,desnutricion global,desnutricion grave (g),2005-02-01,5,0,2,2,7,2,9
VILLA TUNARI,desnutricion global,desnutricion grave (g),2005-02-01,2,3,4,5,6,8,14
VILLA VACA GUZMAN (MUYUPAMPA),desnutricion global,desnutricion grave (g),2005-02-01,0,0,0,1,0,1,1
VILLAZON,desnutricion global,desnutricion grave (g),2005-02-01,1,3,0,1,1,4,5
VINTO,desnutricion global,desnutricion grave (g),2005-02-01,2,0,0,0,2,0,2
VITICHI,desnutricion global,desnutricion grave (g),2005-02-01,3,1,0,0,3,1,4
WARNES,desnutricion global,desnutricion grave (g),2005-02-01,1,1,0,1,1,2,3
YACUIBA,desnutricion global,desnutricion grave (g),2005-02-01,2,1,1,0,3,1,4
YAMPARAEZ,desnutricion global,desnutricion grave (g),2005-02-01,2,1,1,4,3,5,8
YAPACANI,desnutricion global,desnutricion grave (g),2005-02-01,3,5,0,1,3,6,9
YOTALA,desnutricion global,desnutricion grave (g),2005-02-01,3,0,1,0,4,0,4
YUNCHARA,desnutricion global,desnutricion grave (g),2005-02-01,0,0,0,1,0,1,1
ZUDAÑEZ,desnutricion global,desnutricion grave (g),2005-02-01,2,0,1,3,3,3,6
ACACIO,desnutricion global,desnutricion grave (g),2005-03-01,0,1,0,0,0,1,1
ACHACACHI,desnutricion global,desnutricion grave (g),2005-03-01,0,0,1,2,1,2,3
ACHOCALLA,desnutricion global,desnutricion grave (g),2005-03-01,0,1,1,0,1,1,2
AIQUILE,desnutricion global,desnutricion grave (g),2005-03-01,0,1,3,0,3,1,4
ALCALA,desnutricion global,desnutricion grave (g),2005-03-01,1,0,0,1,1,1,2
ANCORAIMES,desnutricion global,desnutricion grave (g),2005-03-01,1,1,1,0,2,1,3
ANZALDO,desnutricion global,desnutricion grave (g),2005-03-01,2,1,0,0,2,1,3
APOLO,desnutricion global,desnutricion grave (g),2005-03-01,0,1,0,0,0,1,1
ARAMPAMPA,desnutricion global,desnutricion grave (g),2005-03-01,0,0,0,1,0,1,1
ARANI,desnutricion global,desnutricion grave (g),2005-03-01,1,1,3,2,4,3,7
ARBIETO,desnutricion global,desnutricion grave (g),2005-03-01,2,0,0,0,2,0,2
ARQUE,desnutricion global,desnutricion grave (g),2005-03-01,0,0,0,1,0,1,1
ATOCHA,desnutricion global,desnutricion grave (g),2005-03-01,5,3,0,1,5,4,9
AUCAPATA,desnutricion global,desnutricion grave (g),2005-03-01,3,0,0,0,3,0,3
AYATA,desnutricion global,desnutricion grave (g),2005-03-01,3,3,1,0,4,3,7
AYOPAYA (V. DE INDEPENDENCIA),desnutricion global,desnutricion grave (g),2005-03-01,8,6,0,2,8,8,16
AZURDUY,desnutricion global,desnutricion grave (g),2005-03-01,3,5,3,1,6,6,12
BATALLAS,desnutricion global,desnutricion grave (g),2005-03-01,1,0,0,0,1,0,1
BERMEJO,desnutricion global,desnutricion grave (g),2005-03-01,1,0,0,0,1,0,1
BETANZOS,desnutricion global,desnutricion grave (g),2005-03-01,9,6,2,3,11,9,20
BOLIVAR,desnutricion global,desnutricion grave (g),2005-03-01,0,2,0,0,0,2,2
BUENA VISTA,desnutricion global,desnutricion grave (g),2005-03-01,1,0,0,0,1,0,1
CABEZAS,desnutricion global,desnutricion grave (g),2005-03-01,1,2,1,0,2,2,4
CAIROMA,desnutricion global,desnutricion grave (g),2005-03-01,5,2,1,2,6,4,10
"CAIZA ""D""",desnutricion global,desnutricion grave (g),2005-03-01,0,1,1,0,1,1,2
CAJUATA,desnutricion global,desnutricion grave (g),2005-03-01,0,0,0,1,0,1,1
CALAMARCA,desnutricion global,desnutricion grave (g),2005-03-01,3,2,1,0,4,2,6
CAMARGO,desnutricion global,desnutricion grave (g),2005-03-01,5,2,0,0,5,2,7
CAMATAQUI (C. VILLA ABECIA),desnutricion global,desnutricion grave (g),2005-03-01,0,1,0,0,0,1,1
CAMIRI,desnutricion global,desnutricion grave (g),2005-03-01,5,7,3,9,8,16,24
CAPINOTA,desnutricion global,desnutricion grave (g),2005-03-01,3,1,0,4,3,5,8
CARACOLLO,desnutricion global,desnutricion grave (g),2005-03-01,1,1,0,1,1,2,3
CARANAVI,desnutricion global,desnutricion grave (g),2005-03-01,8,4,2,0,10,4,14
CARAPARI,desnutricion global,desnutricion grave (g),2005-03-01,1,0,0,0,1,0,1
CARIPUYO,desnutricion global,desnutricion grave (g),2005-03-01,6,5,5,4,11,9,20
CHALLAPATA,desnutricion global,desnutricion grave (g),2005-03-01,7,4,3,6,10,10,20
CHAQUI,desnutricion global,desnutricion grave (g),2005-03-01,0,1,0,1,0,2,2
CHARAGUA,desnutricion global,desnutricion grave (g),2005-03-01,5,5,3,3,8,8,16
CHAYANTA,desnutricion global,desnutricion grave (g),2005-03-01,11,3,2,3,13,6,19
CHIPAYA,desnutricion global,desnutricion grave (g),2005-03-01,0,0,1,0,1,0,1
CHULUMANI (V. DE LA LIBERTAD),desnutricion global,desnutricion grave (g),2005-03-01,1,1,0,0,1,1,2
CHUMA,desnutricion global,desnutricion grave (g),2005-03-01,1,0,0,1,1,1,2
CLIZA,desnutricion global,desnutricion grave (g),2005-03-01,1,1,0,0,1,1,2
COBIJA,desnutricion global,desnutricion grave (g),2005-03-01,1,1,0,1,1,2,3
COCHABAMBA,desnutricion global,desnutricion grave (g),2005-03-01,14,13,2,1,16,14,30
COLCAPIRHUA,desnutricion global,desnutricion grave (g),2005-03-01,0,3,0,0,0,3,3
COLOMI,desnutricion global,desnutricion grave (g),2005-03-01,8,2,0,1,8,3,11
COLPA BELGICA,desnutricion global,desnutricion grave (g),2005-03-01,0,1,0,0,0,1,1
COLQUECHACA,desnutricion global,desnutricion grave (g),2005-03-01,11,10,2,3,13,13,26
COLQUIRI,desnutricion global,desnutricion grave (g),2005-03-01,0,1,0,3,0,4,4
COMANCHE,desnutricion global,desnutricion grave (g),2005-03-01,0,0,1,0,1,0,1
COMARAPA,desnutricion global,desnutricion grave (g),2005-03-01,4,1,1,1,5,2,7
CORIPATA,desnutricion global,desnutricion grave (g),2005-03-01,0,0,0,2,0,2,2
COROICO,desnutricion global,desnutricion grave (g),2005-03-01,0,2,0,0,0,2,2
COTAGAITA,desnutricion global,desnutricion grave (g),2005-03-01,1,2,0,2,1,4,5
COTOCA,desnutricion global,desnutricion grave (g),2005-03-01,5,2,3,1,8,3,11
CUEVO,desnutricion global,desnutricion grave (g),2005-03-01,1,0,0,0,1,0,1
CULPINA,desnutricion global,desnutricion grave (g),2005-03-01,4,6,4,1,8,7,15
CURVA,desnutricion global,desnutricion grave (g),2005-03-01,0,0,0,1,0,1,1
EL ALTO,desnutricion global,desnutricion grave (g),2005-03-01,36,35,16,6,52,41,93
EL PUENTE(TJA),desnutricion global,desnutricion grave (g),2005-03-01,0,1,0,2,0,3,3
EL TORNO,desnutricion global,desnutricion grave (g),2005-03-01,0,1,0,0,0,1,1
EL VILLAR,desnutricion global,desnutricion grave (g),2005-03-01,0,0,0,4,0,4,4
ENTRE RIOS,desnutricion global,desnutricion grave (g),2005-03-01,3,10,0,3,3,13,16
ENTRE RIOS,desnutricion global,desnutricion grave (g),2005-03-01,1,0,0,1,1,1,2
EUCALIPTUS,desnutricion global,desnutricion grave (g),2005-03-01,2,0,0,0,2,0,2
EXALTACION,desnutricion global,desnutricion grave (g),2005-03-01,0,0,1,0,1,0,1
FERNANDEZ ALONSO,desnutricion global,desnutricion grave (g),2005-03-01,0,3,0,0,0,3,3
FILADELFIA,desnutricion global,desnutricion grave (g),2005-03-01,0,2,0,1,0,3,3
GENERAL SAAVEDRA,desnutricion global,desnutricion grave (g),2005-03-01,7,0,2,0,9,0,9
GRAL. J.J. PEREZ (CHARAZANI),desnutricion global,desnutricion grave (g),2005-03-01,1,2,1,2,2,4,6
GUANAY,desnutricion global,desnutricion grave (g),2005-03-01,2,1,1,0,3,1,4
GUTIERREZ,desnutricion global,desnutricion grave (g),2005-03-01,1,2,2,2,3,4,7
HUACARETA,desnutricion global,desnutricion grave (g),2005-03-01,3,3,0,1,3,4,7
HUACAYA (VILLA DE HUACAYA),desnutricion global,desnutricion grave (g),2005-03-01,1,0,1,0,2,0,2
HUANUNI,desnutricion global,desnutricion grave (g),2005-03-01,1,0,1,1,2,1,3
HUAYLLAMARCA,desnutricion global,desnutricion grave (g),2005-03-01,0,0,0,1,0,1,1
ICHOCA,desnutricion global,desnutricion grave (g),2005-03-01,0,0,1,0,1,0,1
ICLA,desnutricion global,desnutricion grave (g),2005-03-01,8,2,3,5,11,7,18
INCAHUASI,desnutricion global,desnutricion grave (g),2005-03-01,9,10,5,5,14,15,29
INQUISIVI,desnutricion global,desnutricion grave (g),2005-03-01,0,0,1,1,1,1,2
IRUPANA (VILLA DE LANZA),desnutricion global,desnutricion grave (g),2005-03-01,1,0,1,0,2,0,2
IXIAMAS,desnutricion global,desnutricion grave (g),2005-03-01,1,2,1,0,2,2,4
JESUS DE MACHACA,desnutricion global,desnutricion grave (g),2005-03-01,1,0,1,1,2,1,3
LA ASUNTA,desnutricion global,desnutricion grave (g),2005-03-01,2,1,0,0,2,1,3
LA GUARDIA,desnutricion global,desnutricion grave (g),2005-03-01,2,5,0,0,2,5,7
LA PAZ,desnutricion global,desnutricion grave (g),2005-03-01,24,9,6,10,30,19,49
LAGUNILLAS,desnutricion global,desnutricion grave (g),2005-03-01,2,5,1,2,3,7,10
LAJA,desnutricion global,desnutricion grave (g),2005-03-01,1,0,0,0,1,0,1
LAS CARRERAS,desnutricion global,desnutricion grave (g),2005-03-01,1,1,0,0,1,1,2
LLALLAGUA,desnutricion global,desnutricion grave (g),2005-03-01,6,2,1,3,7,5,12
LLICA,desnutricion global,desnutricion grave (g),2005-03-01,0,1,0,0,0,1,1
LURIBAY,desnutricion global,desnutricion grave (g),2005-03-01,0,1,0,2,0,3,3
MACHACAMARCA,desnutricion global,desnutricion grave (g),2005-03-01,1,1,0,0,1,1,2
MACHARETI,desnutricion global,desnutricion grave (g),2005-03-01,0,0,0,1,0,1,1
MAIRANA,desnutricion global,desnutricion grave (g),2005-03-01,0,0,1,0,1,0,1
MALLA,desnutricion global,desnutricion grave (g),2005-03-01,1,2,0,0,1,2,3
MAPIRI,desnutricion global,desnutricion grave (g),2005-03-01,1,0,0,0,1,0,1
MECAPACA,desnutricion global,desnutricion grave (g),2005-03-01,1,1,0,1,1,2,3
MINEROS,desnutricion global,desnutricion grave (g),2005-03-01,7,0,1,0,8,0,8
MIZQUE,desnutricion global,desnutricion grave (g),2005-03-01,2,8,3,0,5,8,13
MOCOMOCO,desnutricion global,desnutricion grave (g),2005-03-01,3,0,1,0,4,0,4
MOJOCOYA,desnutricion global,desnutricion grave (g),2005-03-01,3,0,0,1,3,1,4
MONTEAGUDO,desnutricion global,desnutricion grave (g),2005-03-01,2,0,6,4,8,4,12
MONTERO,desnutricion global,desnutricion grave (g),2005-03-01,17,4,12,3,29,7,36
MORO MORO,desnutricion global,desnutricion grave (g),2005-03-01,1,0,0,0,1,0,1
MOROCHATA,desnutricion global,desnutricion grave (g),2005-03-01,1,5,0,0,1,5,6
OCURI,desnutricion global,desnutricion grave (g),2005-03-01,17,8,6,7,23,15,38
OMEREQUE,desnutricion global,desnutricion grave (g),2005-03-01,0,0,0,1,0,1,1
ORURO,desnutricion global,desnutricion grave (g),2005-03-01,10,7,7,3,17,10,27
PADILLA,desnutricion global,desnutricion grave (g),2005-03-01,2,2,0,3,2,5,7
PAILON,desnutricion global,desnutricion grave (g),2005-03-01,0,1,1,0,1,1,2
PALCA,desnutricion global,desnutricion grave (g),2005-03-01,3,4,2,4,5,8,13
PALOS BLANCOS,desnutricion global,desnutricion grave (g),2005-03-01,4,2,1,3,5,5,10
PAMPA AULLAGAS,desnutricion global,desnutricion grave (g),2005-03-01,0,1,0,0,0,1,1
PATACAMAYA,desnutricion global,desnutricion grave (g),2005-03-01,0,1,0,0,0,1,1
PELECHUCO,desnutricion global,desnutricion grave (g),2005-03-01,2,1,0,0,2,1,3
POCOATA,desnutricion global,desnutricion grave (g),2005-03-01,4,2,3,4,7,6,13
POCONA,desnutricion global,desnutricion grave (g),2005-03-01,0,0,1,1,1,1,2
POJO (CBBA),desnutricion global,desnutricion grave (g),2005-03-01,0,1,0,0,0,1,1
POOPO,desnutricion global,desnutricion grave (g),2005-03-01,1,0,0,0,1,0,1
PORCO,desnutricion global,desnutricion grave (g),2005-03-01,1,1,0,0,1,1,2
POROMA,desnutricion global,desnutricion grave (g),2005-03-01,8,3,4,2,12,5,17
PORONGO,desnutricion global,desnutricion grave (g),2005-03-01,2,1,0,0,2,1,3
PORVENIR,desnutricion global,desnutricion grave (g),2005-03-01,2,0,0,0,2,0,2
POTOSI,desnutricion global,desnutricion grave (g),2005-03-01,17,3,1,1,18,4,22
PRESTO,desnutricion global,desnutricion grave (g),2005-03-01,7,1,2,0,9,1,10
PUCARANI,desnutricion global,desnutricion grave (g),2005-03-01,1,0,0,0,1,0,1
PUERTO ACOSTA,desnutricion global,desnutricion grave (g),2005-03-01,1,2,0,0,1,2,3
PUERTO CARABUCO,desnutricion global,desnutricion grave (g),2005-03-01,3,2,3,2,6,4,10
PUERTO GONZALO MORENO,desnutricion global,desnutricion grave (g),2005-03-01,2,1,0,0,2,1,3
PUERTO RICO,desnutricion global,desnutricion grave (g),2005-03-01,1,0,0,0,1,0,1
PUERTO VILLARROEL,desnutricion global,desnutricion grave (g),2005-03-01,12,7,8,8,20,15,35
PUNA,desnutricion global,desnutricion grave (g),2005-03-01,4,10,5,1,9,11,20
PUNATA,desnutricion global,desnutricion grave (g),2005-03-01,1,2,0,3,1,5,6
QUIABAYA,desnutricion global,desnutricion grave (g),2005-03-01,1,0,0,0,1,0,1
QUILLACOLLO,desnutricion global,desnutricion grave (g),2005-03-01,2,5,4,3,6,8,14
RAVELO,desnutricion global,desnutricion grave (g),2005-03-01,10,13,1,3,11,16,27
REYES,desnutricion global,desnutricion grave (g),2005-03-01,2,0,0,0,2,0,2
RIBERALTA,desnutricion global,desnutricion grave (g),2005-03-01,12,28,10,8,22,36,58
ROBORE,desnutricion global,desnutricion grave (g),2005-03-01,0,1,1,0,1,1,2
RURRENABAQUE,desnutricion global,desnutricion grave (g),2005-03-01,1,0,0,0,1,0,1
SABAYA,desnutricion global,desnutricion grave (g),2005-03-01,0,1,0,0,0,1,1
SACABA,desnutricion global,desnutricion grave (g),2005-03-01,2,1,1,2,3,3,6
SACACA,desnutricion global,desnutricion grave (g),2005-03-01,8,7,7,5,15,12,27
SAIPINA,desnutricion global,desnutricion grave (g),2005-03-01,3,1,0,0,3,1,4
SALINAS DE GARCI MENDOZA,desnutricion global,desnutricion grave (g),2005-03-01,1,0,0,1,1,1,2
SAMAIPATA,desnutricion global,desnutricion grave (g),2005-03-01,2,0,1,0,3,0,3
SAN ANDRES,desnutricion global,desnutricion grave (g),2005-03-01,1,2,0,0,1,2,3
SAN ANTONIO DE LOMERIO,desnutricion global,desnutricion grave (g),2005-03-01,0,0,0,1,0,1,1
SAN BORJA,desnutricion global,desnutricion grave (g),2005-03-01,2,5,2,2,4,7,11
SAN BUENA VENTURA,desnutricion global,desnutricion grave (g),2005-03-01,2,1,0,2,2,3,5
SAN CARLOS,desnutricion global,desnutricion grave (g),2005-03-01,2,1,1,2,3,3,6
SAN IGNACIO,desnutricion global,desnutricion grave (g),2005-03-01,1,1,0,1,1,2,3
SAN IGNACIO DE VELASCO,desnutricion global,desnutricion grave (g),2005-03-01,7,14,3,9,10,23,33
SAN JAVIER(BNI),desnutricion global,desnutricion grave (g),2005-03-01,0,0,0,1,0,1,1
SAN JOSE DE CHIQUITOS,desnutricion global,desnutricion grave (g),2005-03-01,2,3,0,1,2,4,6
SAN JULIAN,desnutricion global,desnutricion grave (g),2005-03-01,1,2,1,1,2,3,5
SAN LORENZO(PND),desnutricion global,desnutricion grave (g),2005-03-01,1,0,0,0,1,0,1
SAN LORENZO(TJA),desnutricion global,desnutricion grave (g),2005-03-01,1,2,1,1,2,3,5
SAN LUCAS,desnutricion global,desnutricion grave (g),2005-03-01,13,11,9,16,22,27,49
SAN MIGUEL DE VELASCO,desnutricion global,desnutricion grave (g),2005-03-01,1,2,1,0,2,2,4
SAN PEDRO,desnutricion global,desnutricion grave (g),2005-03-01,2,0,0,0,2,0,2
SAN PEDRO DE BUENA VISTA,desnutricion global,desnutricion grave (g),2005-03-01,6,9,6,2,12,11,23
SAN RAFAEL,desnutricion global,desnutricion grave (g),2005-03-01,1,2,2,0,3,2,5
SANTA ANA,desnutricion global,desnutricion grave (g),2005-03-01,2,0,0,1,2,1,3
SANTA CRUZ DE LA SIERRA,desnutricion global,desnutricion grave (g),2005-03-01,78,62,15,21,93,83,176
SANTA ROSA,desnutricion global,desnutricion grave (g),2005-03-01,2,1,0,0,2,1,3
SANTA ROSA DEL SARA,desnutricion global,desnutricion grave (g),2005-03-01,3,0,2,0,5,0,5
SANTIAGO DE CALLAPA,desnutricion global,desnutricion grave (g),2005-03-01,1,0,0,0,1,0,1
SANTIAGO DE MACHACA,desnutricion global,desnutricion grave (g),2005-03-01,0,0,0,1,0,1,1
SANTIVAÑES,desnutricion global,desnutricion grave (g),2005-03-01,1,0,0,0,1,0,1
SENA,desnutricion global,desnutricion grave (g),2005-03-01,0,1,0,0,0,1,1
SICA SICA (VILLA AROMA),desnutricion global,desnutricion grave (g),2005-03-01,2,1,2,1,4,2,6
SIPE SIPE,desnutricion global,desnutricion grave (g),2005-03-01,7,5,4,3,11,8,19
SOPACHUY,desnutricion global,desnutricion grave (g),2005-03-01,1,3,0,7,1,10,11
SORATA,desnutricion global,desnutricion grave (g),2005-03-01,0,1,0,0,0,1,1
SUCRE,desnutricion global,desnutricion grave (g),2005-03-01,13,11,12,12,25,23,48
TACOBAMBA,desnutricion global,desnutricion grave (g),2005-03-01,1,0,1,0,2,0,2
TACOPAYA,desnutricion global,desnutricion grave (g),2005-03-01,0,2,0,0,0,2,2
TAPACARI,desnutricion global,desnutricion grave (g),2005-03-01,2,5,0,1,2,6,8
TARABUCO,desnutricion global,desnutricion grave (g),2005-03-01,16,14,6,5,22,19,41
TARATA,desnutricion global,desnutricion grave (g),2005-03-01,0,1,0,1,0,2,2
TARIJA,desnutricion global,desnutricion grave (g),2005-03-01,4,3,0,3,4,6,10
TARVITA,desnutricion global,desnutricion grave (g),2005-03-01,4,6,2,2,6,8,14
TEOPONTE,desnutricion global,desnutricion grave (g),2005-03-01,1,2,1,2,2,4,6
TIAWANACU,desnutricion global,desnutricion grave (g),2005-03-01,0,0,0,1,0,1,1
TINGUIPAYA,desnutricion global,desnutricion grave (g),2005-03-01,12,12,8,8,20,20,40
TIPUANI,desnutricion global,desnutricion grave (g),2005-03-01,0,0,0,1,0,1,1
TIQUIPAYA,desnutricion global,desnutricion grave (g),2005-03-01,1,0,0,0,1,0,1
TIRAQUE (CBBA),desnutricion global,desnutricion grave (g),2005-03-01,7,5,3,2,10,7,17
TOMAVE,desnutricion global,desnutricion grave (g),2005-03-01,2,1,0,0,2,1,3
TOMINA,desnutricion global,desnutricion grave (g),2005-03-01,0,1,2,2,2,3,5
TORO TORO,desnutricion global,desnutricion grave (g),2005-03-01,2,5,1,0,3,5,8
TOTORA(CBBA),desnutricion global,desnutricion grave (g),2005-03-01,1,0,0,2,1,2,3
TOTORA(ORR),desnutricion global,desnutricion grave (g),2005-03-01,0,0,1,0,1,0,1
TRINIDAD,desnutricion global,desnutricion grave (g),2005-03-01,2,3,0,1,2,4,6
TUPIZA,desnutricion global,desnutricion grave (g),2005-03-01,5,1,1,0,6,1,7
TURCO,desnutricion global,desnutricion grave (g),2005-03-01,1,0,0,0,1,0,1
UMALA,desnutricion global,desnutricion grave (g),2005-03-01,0,0,0,1,0,1,1
UNCIA,desnutricion global,desnutricion grave (g),2005-03-01,1,2,0,0,1,2,3
URIONDO (A. CONCEPCION),desnutricion global,desnutricion grave (g),2005-03-01,2,0,0,0,2,0,2
UYUNI,desnutricion global,desnutricion grave (g),2005-03-01,2,3,2,1,4,4,8
VACAS,desnutricion global,desnutricion grave (g),2005-03-01,2,1,0,0,2,1,3
VALLEGRANDE,desnutricion global,desnutricion grave (g),2005-03-01,2,0,1,2,3,2,5
VIACHA,desnutricion global,desnutricion grave (g),2005-03-01,4,6,7,5,11,11,22
VILA VILA,desnutricion global,desnutricion grave (g),2005-03-01,1,2,0,0,1,2,3
VILLA MONTES,desnutricion global,desnutricion grave (g),2005-03-01,3,0,3,0,6,0,6
VILLA RIVERO,desnutricion global,desnutricion grave (g),2005-03-01,1,1,1,0,2,1,3
VILLA SERRANO,desnutricion global,desnutricion grave (g),2005-03-01,1,2,2,1,3,3,6
VILLA TUNARI,desnutricion global,desnutricion grave (g),2005-03-01,7,7,2,1,9,8,17
VILLA VACA GUZMAN (MUYUPAMPA),desnutricion global,desnutricion grave (g),2005-03-01,1,0,0,0,1,0,1
VILLAZON,desnutricion global,desnutricion grave (g),2005-03-01,1,1,0,0,1,1,2
VINTO,desnutricion global,desnutricion grave (g),2005-03-01,5,0,0,0,5,0,5
WARNES,desnutricion global,desnutricion grave (g),2005-03-01,0,5,0,3,0,8,8
YACO,desnutricion global,desnutricion grave (g),2005-03-01,0,1,0,0,0,1,1
YACUIBA,desnutricion global,desnutricion grave (g),2005-03-01,1,2,4,0,5,2,7
YAMPARAEZ,desnutricion global,desnutricion grave (g),2005-03-01,6,1,1,3,7,4,11
YAPACANI,desnutricion global,desnutricion grave (g),2005-03-01,3,6,1,2,4,8,12
YOCALLA,desnutricion global,desnutricion grave (g),2005-03-01,0,1,1,1,1,2,3
YOTALA,desnutricion global,desnutricion grave (g),2005-03-01,2,1,1,0,3,1,4
ZUDAÑEZ,desnutricion global,desnutricion grave (g),2005-03-01,4,2,1,0,5,2,7
ACACIO,desnutricion global,desnutricion grave (g),2005-04-01,4,4,0,1,4,5,9
ACHACACHI,desnutricion global,desnutricion grave (g),2005-04-01,0,0,0,2,0,2,2
ACHOCALLA,desnutricion global,desnutricion grave (g),2005-04-01,0,0,0,2,0,2,2
AIQUILE,desnutricion global,desnutricion grave (g),2005-04-01,1,1,3,1,4,2,6
ALALAY,desnutricion global,desnutricion grave (g),2005-04-01,0,1,0,0,0,1,1
ALCALA,desnutricion global,desnutricion grave (g),2005-04-01,0,1,1,3,1,4,5
ANCORAIMES,desnutricion global,desnutricion grave (g),2005-04-01,1,0,0,1,1,1,2
ANDAMARCA,desnutricion global,desnutricion grave (g),2005-04-01,1,0,0,0,1,0,1
ANTEQUERA,desnutricion global,desnutricion grave (g),2005-04-01,0,1,0,1,0,2,2
ANZALDO,desnutricion global,desnutricion grave (g),2005-04-01,1,0,0,1,1,1,2
APOLO,desnutricion global,desnutricion grave (g),2005-04-01,0,5,1,1,1,6,7
ARAMPAMPA,desnutricion global,desnutricion grave (g),2005-04-01,2,0,0,1,2,1,3
ARANI,desnutricion global,desnutricion grave (g),2005-04-01,1,2,0,0,1,2,3
ARBIETO,desnutricion global,desnutricion grave (g),2005-04-01,0,0,1,0,1,0,1
ARQUE,desnutricion global,desnutricion grave (g),2005-04-01,2,0,0,0,2,0,2
ATOCHA,desnutricion global,desnutricion grave (g),2005-04-01,2,2,0,1,2,3,5
AUCAPATA,desnutricion global,desnutricion grave (g),2005-04-01,2,0,0,0,2,0,2
AYATA,desnutricion global,desnutricion grave (g),2005-04-01,1,1,0,1,1,2,3
AYO AYO,desnutricion global,desnutricion grave (g),2005-04-01,1,0,1,0,2,0,2
AYOPAYA (V. DE INDEPENDENCIA),desnutricion global,desnutricion grave (g),2005-04-01,3,1,1,0,4,1,5
AZURDUY,desnutricion global,desnutricion grave (g),2005-04-01,5,3,3,0,8,3,11
BATALLAS,desnutricion global,desnutricion grave (g),2005-04-01,1,0,0,0,1,0,1
BELEN DE URMIRI,desnutricion global,desnutricion grave (g),2005-04-01,1,0,0,0,1,0,1
BETANZOS,desnutricion global,desnutricion grave (g),2005-04-01,6,10,2,1,8,11,19
BOLIVAR,desnutricion global,desnutricion grave (g),2005-04-01,2,5,0,3,2,8,10
BUENA VISTA,desnutricion global,desnutricion grave (g),2005-04-01,0,2,0,0,0,2,2
CABEZAS,desnutricion global,desnutricion grave (g),2005-04-01,0,1,0,0,0,1,1
CAIROMA,desnutricion global,desnutricion grave (g),2005-04-01,3,1,0,0,3,1,4
CALACOTO,desnutricion global,desnutricion grave (g),2005-04-01,1,0,0,0,1,0,1
CALAMARCA,desnutricion global,desnutricion grave (g),2005-04-01,4,0,1,2,5,2,7
CAMARGO,desnutricion global,desnutricion grave (g),2005-04-01,2,3,0,0,2,3,5
CAMIRI,desnutricion global,desnutricion grave (g),2005-04-01,3,1,0,0,3,1,4
CAPINOTA,desnutricion global,desnutricion grave (g),2005-04-01,1,1,0,1,1,2,3
CAQUIAVIRI,desnutricion global,desnutricion grave (g),2005-04-01,0,1,0,0,0,1,1
CARACOLLO,desnutricion global,desnutricion grave (g),2005-04-01,0,0,1,0,1,0,1
CARANAVI,desnutricion global,desnutricion grave (g),2005-04-01,4,5,0,1,4,6,10
CARAPARI,desnutricion global,desnutricion grave (g),2005-04-01,0,0,0,1,0,1,1
CARIPUYO,desnutricion global,desnutricion grave (g),2005-04-01,3,10,4,2,7,12,19
CHALLAPATA,desnutricion global,desnutricion grave (g),2005-04-01,2,1,1,2,3,3,6
CHAQUI,desnutricion global,desnutricion grave (g),2005-04-01,1,0,0,0,1,0,1
CHARAGUA,desnutricion global,desnutricion grave (g),2005-04-01,3,0,3,2,6,2,8
CHAYANTA,desnutricion global,desnutricion grave (g),2005-04-01,2,1,1,6,3,7,10
CHIMORE,desnutricion global,desnutricion grave (g),2005-04-01,0,1,0,0,0,1,1
CHUMA,desnutricion global,desnutricion grave (g),2005-04-01,7,0,0,0,7,0,7
CLIZA,desnutricion global,desnutricion grave (g),2005-04-01,10,4,0,0,10,4,14
COBIJA,desnutricion global,desnutricion grave (g),2005-04-01,3,1,0,2,3,3,6
COCHABAMBA,desnutricion global,desnutricion grave (g),2005-04-01,9,6,3,6,12,12,24
COLCAPIRHUA,desnutricion global,desnutricion grave (g),2005-04-01,0,0,0,2,0,2,2
COLOMI,desnutricion global,desnutricion grave (g),2005-04-01,5,0,1,1,6,1,7
COLQUECHACA,desnutricion global,desnutricion grave (g),2005-04-01,9,6,3,3,12,9,21
COLQUIRI,desnutricion global,desnutricion grave (g),2005-04-01,0,0,0,2,0,2,2
COMARAPA,desnutricion global,desnutricion grave (g),2005-04-01,1,3,0,0,1,3,4
COMBAYA,desnutricion global,desnutricion grave (g),2005-04-01,0,0,1,0,1,0,1
COPACABANA,desnutricion global,desnutricion grave (g),2005-04-01,1,1,0,3,1,4,5
CORO CORO,desnutricion global,desnutricion grave (g),2005-04-01,0,1,0,0,0,1,1
COROICO,desnutricion global,desnutricion grave (g),2005-04-01,1,0,0,0,1,0,1
CORQUE,desnutricion global,desnutricion grave (g),2005-04-01,0,0,1,0,1,0,1
COTAGAITA,desnutricion global,desnutricion grave (g),2005-04-01,3,1,1,4,4,5,9
COTOCA,desnutricion global,desnutricion grave (g),2005-04-01,2,1,0,0,2,1,3
CUEVO,desnutricion global,desnutricion grave (g),2005-04-01,0,1,0,1,0,2,2
CULPINA,desnutricion global,desnutricion grave (g),2005-04-01,7,3,2,2,9,5,14
CURVA,desnutricion global,desnutricion grave (g),2005-04-01,1,1,1,0,2,1,3
EL ALTO,desnutricion global,desnutricion grave (g),2005-04-01,32,25,9,15,41,40,81
EL CHORO,desnutricion global,desnutricion grave (g),2005-04-01,0,0,0,1,0,1,1
EL PUENTE(TJA),desnutricion global,desnutricion grave (g),2005-04-01,1,1,0,2,1,3,4
EL TORNO,desnutricion global,desnutricion grave (g),2005-04-01,1,1,1,0,2,1,3
EL VILLAR,desnutricion global,desnutricion grave (g),2005-04-01,0,0,0,1,0,1,1
ENTRE RIOS,desnutricion global,desnutricion grave (g),2005-04-01,2,2,0,1,2,3,5
ENTRE RIOS,desnutricion global,desnutricion grave (g),2005-04-01,2,1,0,0,2,1,3
EUCALIPTUS,desnutricion global,desnutricion grave (g),2005-04-01,1,0,1,0,2,0,2
EXALTACION,desnutricion global,desnutricion grave (g),2005-04-01,0,0,1,0,1,0,1
GENERAL SAAVEDRA,desnutricion global,desnutricion grave (g),2005-04-01,4,0,2,0,6,0,6
GRAL. J.J. PEREZ (CHARAZANI),desnutricion global,desnutricion grave (g),2005-04-01,1,0,1,1,2,1,3
GUANAY,desnutricion global,desnutricion grave (g),2005-04-01,1,0,0,0,1,0,1
GUAYARAMERIN,desnutricion global,desnutricion grave (g),2005-04-01,0,1,0,0,0,1,1
GUTIERREZ,desnutricion global,desnutricion grave (g),2005-04-01,2,3,1,7,3,10,13
HUACARETA,desnutricion global,desnutricion grave (g),2005-04-01,1,4,0,0,1,4,5
HUANUNI,desnutricion global,desnutricion grave (g),2005-04-01,1,0,0,0,1,0,1
ICLA,desnutricion global,desnutricion grave (g),2005-04-01,8,1,3,2,11,3,14
INCAHUASI,desnutricion global,desnutricion grave (g),2005-04-01,2,5,6,1,8,6,14
INQUISIVI,desnutricion global,desnutricion grave (g),2005-04-01,0,2,0,1,0,3,3
IRUPANA (VILLA DE LANZA),desnutricion global,desnutricion grave (g),2005-04-01,2,3,5,3,7,6,13
IXIAMAS,desnutricion global,desnutricion grave (g),2005-04-01,0,1,0,0,0,1,1
JESUS DE MACHACA,desnutricion global,desnutricion grave (g),2005-04-01,2,0,0,1,2,1,3
LA ASUNTA,desnutricion global,desnutricion grave (g),2005-04-01,0,1,0,0,0,1,1
LA GUARDIA,desnutricion global,desnutricion grave (g),2005-04-01,0,1,2,0,2,1,3
LA PAZ,desnutricion global,desnutricion grave (g),2005-04-01,20,19,5,7,25,26,51
LAS CARRERAS,desnutricion global,desnutricion grave (g),2005-04-01,1,0,0,1,1,1,2
LLALLAGUA,desnutricion global,desnutricion grave (g),2005-04-01,9,11,1,0,10,11,21
LURIBAY,desnutricion global,desnutricion grave (g),2005-04-01,0,1,0,0,0,1,1
MACHACAMARCA,desnutricion global,desnutricion grave (g),2005-04-01,0,0,0,1,0,1,1
MACHARETI,desnutricion global,desnutricion grave (g),2005-04-01,0,0,0,1,0,1,1
MAGDALENA,desnutricion global,desnutricion grave (g),2005-04-01,2,1,0,0,2,1,3
MALLA,desnutricion global,desnutricion grave (g),2005-04-01,0,0,0,1,0,1,1
MAPIRI,desnutricion global,desnutricion grave (g),2005-04-01,1,2,0,0,1,2,3
MECAPACA,desnutricion global,desnutricion grave (g),2005-04-01,1,0,0,0,1,0,1
MINEROS,desnutricion global,desnutricion grave (g),2005-04-01,4,2,0,0,4,2,6
MIZQUE,desnutricion global,desnutricion grave (g),2005-04-01,0,12,2,2,2,14,16
MOCOMOCO,desnutricion global,desnutricion grave (g),2005-04-01,1,0,0,1,1,1,2
MOJOCOYA,desnutricion global,desnutricion grave (g),2005-04-01,1,0,0,1,1,1,2
MONTEAGUDO,desnutricion global,desnutricion grave (g),2005-04-01,3,1,1,3,4,4,8
MONTERO,desnutricion global,desnutricion grave (g),2005-04-01,14,4,3,0,17,4,21
MORO MORO,desnutricion global,desnutricion grave (g),2005-04-01,0,0,0,1,0,1,1
MOROCHATA,desnutricion global,desnutricion grave (g),2005-04-01,0,4,2,1,2,5,7
OCURI,desnutricion global,desnutricion grave (g),2005-04-01,8,7,3,7,11,14,25
OKINAWA,desnutricion global,desnutricion grave (g),2005-04-01,1,0,1,0,2,0,2
ORURO,desnutricion global,desnutricion grave (g),2005-04-01,7,5,4,0,11,5,16
PADILLA,desnutricion global,desnutricion grave (g),2005-04-01,2,1,0,1,2,2,4
PAILON,desnutricion global,desnutricion grave (g),2005-04-01,0,2,2,0,2,2,4
PALCA,desnutricion global,desnutricion grave (g),2005-04-01,0,0,1,0,1,0,1
PALOS BLANCOS,desnutricion global,desnutricion grave (g),2005-04-01,3,0,1,0,4,0,4
PAMPA GRANDE,desnutricion global,desnutricion grave (g),2005-04-01,0,1,0,0,0,1,1
PASORAPA,desnutricion global,desnutricion grave (g),2005-04-01,3,7,3,0,6,7,13
PATACAMAYA,desnutricion global,desnutricion grave (g),2005-04-01,0,1,0,0,0,1,1
PAZÑA,desnutricion global,desnutricion grave (g),2005-04-01,0,0,0,1,0,1,1
POCOATA,desnutricion global,desnutricion grave (g),2005-04-01,2,1,1,3,3,4,7
POCONA,desnutricion global,desnutricion grave (g),2005-04-01,2,3,0,0,2,3,5
POJO (CBBA),desnutricion global,desnutricion grave (g),2005-04-01,2,2,1,2,3,4,7
PORCO,desnutricion global,desnutricion grave (g),2005-04-01,1,0,0,0,1,0,1
POROMA,desnutricion global,desnutricion grave (g),2005-04-01,2,2,0,0,2,2,4
PORONGO,desnutricion global,desnutricion grave (g),2005-04-01,1,1,0,0,1,1,2
POTOSI,desnutricion global,desnutricion grave (g),2005-04-01,7,9,1,2,8,11,19
PRESTO,desnutricion global,desnutricion grave (g),2005-04-01,7,4,2,1,9,5,14
PUERTO ACOSTA,desnutricion global,desnutricion grave (g),2005-04-01,0,1,0,1,0,2,2
PUERTO CARABUCO,desnutricion global,desnutricion grave (g),2005-04-01,2,1,0,0,2,1,3
PUERTO GONZALO MORENO,desnutricion global,desnutricion grave (g),2005-04-01,2,1,1,2,3,3,6
PUERTO PEREZ,desnutricion global,desnutricion grave (g),2005-04-01,0,0,1,0,1,0,1
PUERTO RICO,desnutricion global,desnutricion grave (g),2005-04-01,1,0,0,0,1,0,1
PUERTO VILLARROEL,desnutricion global,desnutricion grave (g),2005-04-01,3,8,6,8,9,16,25
PUNA,desnutricion global,desnutricion grave (g),2005-04-01,3,7,3,6,6,13,19
PUNATA,desnutricion global,desnutricion grave (g),2005-04-01,1,2,1,2,2,4,6
QUILLACOLLO,desnutricion global,desnutricion grave (g),2005-04-01,5,6,1,1,6,7,13
QUIME,desnutricion global,desnutricion grave (g),2005-04-01,0,2,0,0,0,2,2
QUIRUSILLAS,desnutricion global,desnutricion grave (g),2005-04-01,0,1,0,0,0,1,1
RAVELO,desnutricion global,desnutricion grave (g),2005-04-01,18,12,6,6,24,18,42
REYES,desnutricion global,desnutricion grave (g),2005-04-01,2,1,2,1,4,2,6
RIBERALTA,desnutricion global,desnutricion grave (g),2005-04-01,15,19,6,8,21,27,48
ROBORE,desnutricion global,desnutricion grave (g),2005-04-01,2,3,0,0,2,3,5
RURRENABAQUE,desnutricion global,desnutricion grave (g),2005-04-01,1,0,0,0,1,0,1
SABAYA,desnutricion global,desnutricion grave (g),2005-04-01,1,0,0,0,1,0,1
SACABA,desnutricion global,desnutricion grave (g),2005-04-01,8,3,2,3,10,6,16
SACACA,desnutricion global,desnutricion grave (g),2005-04-01,10,5,3,3,13,8,21
SAIPINA,desnutricion global,desnutricion grave (g),2005-04-01,1,1,0,0,1,1,2
SAMAIPATA,desnutricion global,desnutricion grave (g),2005-04-01,2,0,0,0,2,0,2
SAN AGUSTIN,desnutricion global,desnutricion grave (g),2005-04-01,1,0,0,0,1,0,1
SAN ANDRES,desnutricion global,desnutricion grave (g),2005-04-01,1,1,0,0,1,1,2
SAN ANTONIO DE LOMERIO,desnutricion global,desnutricion grave (g),2005-04-01,2,0,0,0,2,0,2
SAN BENITO,desnutricion global,desnutricion grave (g),2005-04-01,0,1,0,0,0,1,1
SAN BORJA,desnutricion global,desnutricion grave (g),2005-04-01,7,6,0,1,7,7,14
SAN BUENA VENTURA,desnutricion global,desnutricion grave (g),2005-04-01,1,1,1,1,2,2,4
SAN CARLOS,desnutricion global,desnutricion grave (g),2005-04-01,0,0,1,0,1,0,1
SAN IGNACIO,desnutricion global,desnutricion grave (g),2005-04-01,2,9,1,1,3,10,13
SAN IGNACIO DE VELASCO,desnutricion global,desnutricion grave (g),2005-04-01,6,7,4,8,10,15,25
SAN JOSE DE CHIQUITOS,desnutricion global,desnutricion grave (g),2005-04-01,3,3,1,0,4,3,7
SAN JUAN DE YAPACANI,desnutricion global,desnutricion grave (g),2005-04-01,0,0,1,0,1,0,1
SAN JULIAN,desnutricion global,desnutricion grave (g),2005-04-01,1,0,3,1,4,1,5
SAN LORENZO(TJA),desnutricion global,desnutricion grave (g),2005-04-01,1,0,3,0,4,0,4
SAN LUCAS,desnutricion global,desnutricion grave (g),2005-04-01,8,9,3,7,11,16,27
SAN MIGUEL DE VELASCO,desnutricion global,desnutricion grave (g),2005-04-01,0,0,0,1,0,1,1
SAN PEDRO,desnutricion global,desnutricion grave (g),2005-04-01,0,0,2,0,2,0,2
SAN PEDRO DE BUENA VISTA,desnutricion global,desnutricion grave (g),2005-04-01,4,2,5,5,9,7,16
SAN RAFAEL,desnutricion global,desnutricion grave (g),2005-04-01,0,1,1,0,1,1,2
SANTA ANA,desnutricion global,desnutricion grave (g),2005-04-01,0,1,0,1,0,2,2
SANTA CRUZ DE LA SIERRA,desnutricion global,desnutricion grave (g),2005-04-01,131,112,46,62,177,174,351
SANTA ROSA,desnutricion global,desnutricion grave (g),2005-04-01,1,2,0,0,1,2,3
SANTA ROSA DEL SARA,desnutricion global,desnutricion grave (g),2005-04-01,0,1,1,0,1,1,2
SANTIAGO DE CALLAPA,desnutricion global,desnutricion grave (g),2005-04-01,0,1,1,1,1,2,3
SANTIAGO DE HUARI,desnutricion global,desnutricion grave (g),2005-04-01,2,0,0,0,2,0,2
SANTIAGO DE MACHACA,desnutricion global,desnutricion grave (g),2005-04-01,1,0,0,0,1,0,1
SAPAHAQUI,desnutricion global,desnutricion grave (g),2005-04-01,0,1,0,1,0,2,2
SICA SICA (VILLA AROMA),desnutricion global,desnutricion grave (g),2005-04-01,0,1,0,0,0,1,1
SICAYA,desnutricion global,desnutricion grave (g),2005-04-01,2,0,0,0,2,0,2
SIPE SIPE,desnutricion global,desnutricion grave (g),2005-04-01,6,6,1,4,7,10,17
SOPACHUY,desnutricion global,desnutricion grave (g),2005-04-01,3,5,2,6,5,11,16
SORATA,desnutricion global,desnutricion grave (g),2005-04-01,0,1,1,1,1,2,3
SUCRE,desnutricion global,desnutricion grave (g),2005-04-01,13,7,6,1,19,8,27
TACOBAMBA,desnutricion global,desnutricion grave (g),2005-04-01,1,4,0,0,1,4,5
TACOPAYA,desnutricion global,desnutricion grave (g),2005-04-01,4,2,0,0,4,2,6
TAHUA,desnutricion global,desnutricion grave (g),2005-04-01,0,0,0,1,0,1,1
TAPACARI,desnutricion global,desnutricion grave (g),2005-04-01,6,6,1,1,7,7,14
TARABUCO,desnutricion global,desnutricion grave (g),2005-04-01,9,13,6,11,15,24,39
TARACO,desnutricion global,desnutricion grave (g),2005-04-01,0,1,0,0,0,1,1
TARATA,desnutricion global,desnutricion grave (g),2005-04-01,0,1,0,3,0,4,4
TARIJA,desnutricion global,desnutricion grave (g),2005-04-01,5,6,0,3,5,9,14
TARVITA,desnutricion global,desnutricion grave (g),2005-04-01,0,2,0,0,0,2,2
TEOPONTE,desnutricion global,desnutricion grave (g),2005-04-01,1,0,0,0,1,0,1
TINGUIPAYA,desnutricion global,desnutricion grave (g),2005-04-01,4,5,3,3,7,8,15
TIPUANI,desnutricion global,desnutricion grave (g),2005-04-01,0,0,0,1,0,1,1
TIQUIPAYA,desnutricion global,desnutricion grave (g),2005-04-01,2,2,1,0,3,2,5
TIRAQUE (CBBA),desnutricion global,desnutricion grave (g),2005-04-01,1,3,2,6,3,9,12
TOLEDO,desnutricion global,desnutricion grave (g),2005-04-01,4,1,0,0,4,1,5
TOMAVE,desnutricion global,desnutricion grave (g),2005-04-01,1,1,0,0,1,1,2
TOMINA,desnutricion global,desnutricion grave (g),2005-04-01,4,1,0,3,4,4,8
TORO TORO,desnutricion global,desnutricion grave (g),2005-04-01,3,6,1,4,4,10,14
TOTORA(CBBA),desnutricion global,desnutricion grave (g),2005-04-01,1,1,1,0,2,1,3
TRINIDAD,desnutricion global,desnutricion grave (g),2005-04-01,0,6,0,0,0,6,6
TUPIZA,desnutricion global,desnutricion grave (g),2005-04-01,2,2,0,0,2,2,4
UNCIA,desnutricion global,desnutricion grave (g),2005-04-01,1,0,1,1,2,1,3
URIONDO (A. CONCEPCION),desnutricion global,desnutricion grave (g),2005-04-01,1,0,1,0,2,0,2
UYUNI,desnutricion global,desnutricion grave (g),2005-04-01,1,0,1,2,2,2,4
VACAS,desnutricion global,desnutricion grave (g),2005-04-01,2,3,1,1,3,4,7
VALLEGRANDE,desnutricion global,desnutricion grave (g),2005-04-01,0,1,0,1,0,2,2
VIACHA,desnutricion global,desnutricion grave (g),2005-04-01,1,1,0,0,1,1,2
VILA VILA,desnutricion global,desnutricion grave (g),2005-04-01,1,0,1,0,2,0,2
VILLA MONTES,desnutricion global,desnutricion grave (g),2005-04-01,4,1,0,1,4,2,6
VILLA RIVERO,desnutricion global,desnutricion grave (g),2005-04-01,0,0,1,2,1,2,3
VILLA SERRANO,desnutricion global,desnutricion grave (g),2005-04-01,5,2,2,1,7,3,10
VILLA TUNARI,desnutricion global,desnutricion grave (g),2005-04-01,4,4,4,1,8,5,13
VILLAZON,desnutricion global,desnutricion grave (g),2005-04-01,1,1,0,0,1,1,2
VINTO,desnutricion global,desnutricion grave (g),2005-04-01,1,0,1,0,2,0,2
VITICHI,desnutricion global,desnutricion grave (g),2005-04-01,1,0,2,0,3,0,3
YACO,desnutricion global,desnutricion grave (g),2005-04-01,0,0,1,0,1,0,1
YACUIBA,desnutricion global,desnutricion grave (g),2005-04-01,0,1,0,1,0,2,2
YAMPARAEZ,desnutricion global,desnutricion grave (g),2005-04-01,8,1,1,4,9,5,14
YAPACANI,desnutricion global,desnutricion grave (g),2005-04-01,2,5,2,0,4,5,9
YOCALLA,desnutricion global,desnutricion grave (g),2005-04-01,2,0,0,0,2,0,2
YOTALA,desnutricion global,desnutricion grave (g),2005-04-01,3,0,1,1,4,1,5
ZUDAÑEZ,desnutricion global,desnutricion grave (g),2005-04-01,2,2,0,4,2,6,8
ACACIO,desnutricion global,desnutricion grave (g),2005-05-01,4,2,0,1,4,3,7
ACHACACHI,desnutricion global,desnutricion grave (g),2005-05-01,0,1,0,2,0,3,3
AIQUILE,desnutricion global,desnutricion grave (g),2005-05-01,0,1,1,0,1,1,2
ALALAY,desnutricion global,desnutricion grave (g),2005-05-01,0,0,0,1,0,1,1
ALCALA,desnutricion global,desnutricion grave (g),2005-05-01,0,1,0,1,0,2,2
ANCORAIMES,desnutricion global,desnutricion grave (g),2005-05-01,1,0,0,0,1,0,1
ANTEQUERA,desnutricion global,desnutricion grave (g),2005-05-01,0,2,1,1,1,3,4
APOLO,desnutricion global,desnutricion grave (g),2005-05-01,1,1,0,0,1,1,2
ARANI,desnutricion global,desnutricion grave (g),2005-05-01,1,1,1,0,2,1,3
ARQUE,desnutricion global,desnutricion grave (g),2005-05-01,1,5,0,0,1,5,6
ATOCHA,desnutricion global,desnutricion grave (g),2005-05-01,1,3,1,1,2,4,6
AUCAPATA,desnutricion global,desnutricion grave (g),2005-05-01,2,0,1,0,3,0,3
AYATA,desnutricion global,desnutricion grave (g),2005-05-01,0,1,0,0,0,1,1
AYO AYO,desnutricion global,desnutricion grave (g),2005-05-01,0,1,0,0,0,1,1
AYOPAYA (V. DE INDEPENDENCIA),desnutricion global,desnutricion grave (g),2005-05-01,5,2,2,0,7,2,9
AZURDUY,desnutricion global,desnutricion grave (g),2005-05-01,5,2,1,7,6,9,15
BETANZOS,desnutricion global,desnutricion grave (g),2005-05-01,8,7,3,5,11,12,23
BOLIVAR,desnutricion global,desnutricion grave (g),2005-05-01,0,1,0,0,0,1,1
CABEZAS,desnutricion global,desnutricion grave (g),2005-05-01,2,1,0,0,2,1,3
CAIROMA,desnutricion global,desnutricion grave (g),2005-05-01,2,0,1,3,3,3,6
"CAIZA ""D""",desnutricion global,desnutricion grave (g),2005-05-01,1,0,0,0,1,0,1
CAJUATA,desnutricion global,desnutricion grave (g),2005-05-01,0,2,0,0,0,2,2
CALACOTO,desnutricion global,desnutricion grave (g),2005-05-01,0,1,0,0,0,1,1
CALAMARCA,desnutricion global,desnutricion grave (g),2005-05-01,4,1,1,1,5,2,7
CAMARGO,desnutricion global,desnutricion grave (g),2005-05-01,7,4,5,4,12,8,20
CAMIRI,desnutricion global,desnutricion grave (g),2005-05-01,0,1,0,2,0,3,3
CAPINOTA,desnutricion global,desnutricion grave (g),2005-05-01,3,2,0,0,3,2,5
CARACOLLO,desnutricion global,desnutricion grave (g),2005-05-01,2,0,0,0,2,0,2
CARANAVI,desnutricion global,desnutricion grave (g),2005-05-01,2,1,2,1,4,2,6
CARIPUYO,desnutricion global,desnutricion grave (g),2005-05-01,0,0,1,1,1,1,2
CHALLAPATA,desnutricion global,desnutricion grave (g),2005-05-01,4,2,1,3,5,5,10
CHAQUI,desnutricion global,desnutricion grave (g),2005-05-01,0,1,0,1,0,2,2
CHARAGUA,desnutricion global,desnutricion grave (g),2005-05-01,1,0,0,1,1,1,2
CHAYANTA,desnutricion global,desnutricion grave (g),2005-05-01,3,3,2,1,5,4,9
CHIMORE,desnutricion global,desnutricion grave (g),2005-05-01,0,0,1,0,1,0,1
CHUMA,desnutricion global,desnutricion grave (g),2005-05-01,1,2,1,0,2,2,4
CLIZA,desnutricion global,desnutricion grave (g),2005-05-01,2,3,0,0,2,3,5
COBIJA,desnutricion global,desnutricion grave (g),2005-05-01,2,1,0,1,2,2,4
COCHABAMBA,desnutricion global,desnutricion grave (g),2005-05-01,4,4,0,1,4,5,9
COLCAPIRHUA,desnutricion global,desnutricion grave (g),2005-05-01,1,0,0,1,1,1,2
"COLCHA ""K""",desnutricion global,desnutricion grave (g),2005-05-01,0,1,0,0,0,1,1
COLLANA,desnutricion global,desnutricion grave (g),2005-05-01,1,0,1,0,2,0,2
COLOMI,desnutricion global,desnutricion grave (g),2005-05-01,5,8,0,2,5,10,15
COLQUECHACA,desnutricion global,desnutricion grave (g),2005-05-01,4,8,0,0,4,8,12
COLQUENCHA,desnutricion global,desnutricion grave (g),2005-05-01,0,0,1,0,1,0,1
COLQUIRI,desnutricion global,desnutricion grave (g),2005-05-01,1,1,1,0,2,1,3
COMARAPA,desnutricion global,desnutricion grave (g),2005-05-01,0,1,1,0,1,1,2
CORIPATA,desnutricion global,desnutricion grave (g),2005-05-01,2,1,0,0,2,1,3
COROICO,desnutricion global,desnutricion grave (g),2005-05-01,1,0,0,0,1,0,1
CORQUE,desnutricion global,desnutricion grave (g),2005-05-01,1,0,0,0,1,0,1
COTAGAITA,desnutricion global,desnutricion grave (g),2005-05-01,5,4,0,0,5,4,9
COTOCA,desnutricion global,desnutricion grave (g),2005-05-01,1,2,0,0,1,2,3
CULPINA,desnutricion global,desnutricion grave (g),2005-05-01,6,4,5,1,11,5,16
CURVA,desnutricion global,desnutricion grave (g),2005-05-01,1,0,0,0,1,0,1
EL ALTO,desnutricion global,desnutricion grave (g),2005-05-01,36,26,10,11,46,37,83
EL PUENTE(STC),desnutricion global,desnutricion grave (g),2005-05-01,1,2,1,1,2,3,5
EL PUENTE(TJA),desnutricion global,desnutricion grave (g),2005-05-01,0,0,0,1,0,1,1
EL TORNO,desnutricion global,desnutricion grave (g),2005-05-01,0,2,1,2,1,4,5
EL VILLAR,desnutricion global,desnutricion grave (g),2005-05-01,0,0,0,2,0,2,2
ENTRE RIOS,desnutricion global,desnutricion grave (g),2005-05-01,2,6,1,0,3,6,9
ENTRE RIOS,desnutricion global,desnutricion grave (g),2005-05-01,1,0,0,0,1,0,1
EXALTACION,desnutricion global,desnutricion grave (g),2005-05-01,1,1,0,6,1,7,8
FERNANDEZ ALONSO,desnutricion global,desnutricion grave (g),2005-05-01,0,1,0,1,0,2,2
FILADELFIA,desnutricion global,desnutricion grave (g),2005-05-01,0,1,0,1,0,2,2
GENERAL SAAVEDRA,desnutricion global,desnutricion grave (g),2005-05-01,1,0,1,0,2,0,2
GUANAY,desnutricion global,desnutricion grave (g),2005-05-01,0,1,0,0,0,1,1
GUAYARAMERIN,desnutricion global,desnutricion grave (g),2005-05-01,0,1,0,0,0,1,1
GUTIERREZ,desnutricion global,desnutricion grave (g),2005-05-01,1,1,0,3,1,4,5
HUACARETA,desnutricion global,desnutricion grave (g),2005-05-01,1,2,0,0,1,2,3
HUACAYA (VILLA DE HUACAYA),desnutricion global,desnutricion grave (g),2005-05-01,0,1,0,0,0,1,1
ICLA,desnutricion global,desnutricion grave (g),2005-05-01,3,2,3,4,6,6,12
INCAHUASI,desnutricion global,desnutricion grave (g),2005-05-01,6,2,2,3,8,5,13
INQUISIVI,desnutricion global,desnutricion grave (g),2005-05-01,1,1,1,0,2,1,3
IXIAMAS,desnutricion global,desnutricion grave (g),2005-05-01,1,1,2,2,3,3,6
JESUS DE MACHACA,desnutricion global,desnutricion grave (g),2005-05-01,1,0,0,0,1,0,1
LA ASUNTA,desnutricion global,desnutricion grave (g),2005-05-01,5,2,0,0,5,2,7
LA GUARDIA,desnutricion global,desnutricion grave (g),2005-05-01,4,3,2,0,6,3,9
LA PAZ,desnutricion global,desnutricion grave (g),2005-05-01,11,15,5,7,16,22,38
LAGUNILLAS,desnutricion global,desnutricion grave (g),2005-05-01,2,0,0,0,2,0,2
LAJA,desnutricion global,desnutricion grave (g),2005-05-01,1,0,0,0,1,0,1
LAS CARRERAS,desnutricion global,desnutricion grave (g),2005-05-01,1,0,0,0,1,0,1
LLALLAGUA,desnutricion global,desnutricion grave (g),2005-05-01,6,4,3,5,9,9,18
LURIBAY,desnutricion global,desnutricion grave (g),2005-05-01,0,2,0,0,0,2,2
MACHACAMARCA,desnutricion global,desnutricion grave (g),2005-05-01,1,1,0,0,1,1,2
MALLA,desnutricion global,desnutricion grave (g),2005-05-01,2,0,0,0,2,0,2
MAPIRI,desnutricion global,desnutricion grave (g),2005-05-01,0,2,0,0,0,2,2
MINEROS,desnutricion global,desnutricion grave (g),2005-05-01,0,1,0,0,0,1,1
MIZQUE,desnutricion global,desnutricion grave (g),2005-05-01,3,1,0,1,3,2,5
MOCOMOCO,desnutricion global,desnutricion grave (g),2005-05-01,4,0,0,1,4,1,5
MOJOCOYA,desnutricion global,desnutricion grave (g),2005-05-01,1,1,0,1,1,2,3
MONTEAGUDO,desnutricion global,desnutricion grave (g),2005-05-01,3,2,2,1,5,3,8
MONTERO,desnutricion global,desnutricion grave (g),2005-05-01,9,12,4,2,13,14,27
MOROCHATA,desnutricion global,desnutricion grave (g),2005-05-01,10,4,2,2,12,6,18
OCURI,desnutricion global,desnutricion grave (g),2005-05-01,5,5,2,4,7,9,16
ORURO,desnutricion global,desnutricion grave (g),2005-05-01,9,6,1,0,10,6,16
PADCAYA,desnutricion global,desnutricion grave (g),2005-05-01,1,0,0,0,1,0,1
PADILLA,desnutricion global,desnutricion grave (g),2005-05-01,1,2,0,1,1,3,4
PAILON,desnutricion global,desnutricion grave (g),2005-05-01,0,1,0,0,0,1,1
PALCA,desnutricion global,desnutricion grave (g),2005-05-01,0,0,1,0,1,0,1
PALOS BLANCOS,desnutricion global,desnutricion grave (g),2005-05-01,0,6,1,4,1,10,11
PAMPA GRANDE,desnutricion global,desnutricion grave (g),2005-05-01,1,0,0,0,1,0,1
PATACAMAYA,desnutricion global,desnutricion grave (g),2005-05-01,0,1,0,0,0,1,1
PELECHUCO,desnutricion global,desnutricion grave (g),2005-05-01,2,1,0,0,2,1,3
POCOATA,desnutricion global,desnutricion grave (g),2005-05-01,5,3,3,4,8,7,15
POCONA,desnutricion global,desnutricion grave (g),2005-05-01,2,0,1,0,3,0,3
POJO (CBBA),desnutricion global,desnutricion grave (g),2005-05-01,1,3,1,1,2,4,6
PORCO,desnutricion global,desnutricion grave (g),2005-05-01,0,1,0,0,0,1,1
POROMA,desnutricion global,desnutricion grave (g),2005-05-01,8,6,3,5,11,11,22
PORVENIR,desnutricion global,desnutricion grave (g),2005-05-01,1,0,0,0,1,0,1
POSTRER VALLE,desnutricion global,desnutricion grave (g),2005-05-01,1,0,1,1,2,1,3
POTOSI,desnutricion global,desnutricion grave (g),2005-05-01,6,4,3,1,9,5,14
PRESTO,desnutricion global,desnutricion grave (g),2005-05-01,3,1,0,4,3,5,8
PUERTO CARABUCO,desnutricion global,desnutricion grave (g),2005-05-01,1,2,2,0,3,2,5
PUERTO GONZALO MORENO,desnutricion global,desnutricion grave (g),2005-05-01,1,1,1,2,2,3,5
PUERTO VILLARROEL,desnutricion global,desnutricion grave (g),2005-05-01,6,11,2,3,8,14,22
PUNA,desnutricion global,desnutricion grave (g),2005-05-01,7,10,2,2,9,12,21
PUNATA,desnutricion global,desnutricion grave (g),2005-05-01,2,3,0,0,2,3,5
QUILLACOLLO,desnutricion global,desnutricion grave (g),2005-05-01,1,7,3,1,4,8,12
QUIME,desnutricion global,desnutricion grave (g),2005-05-01,0,1,1,0,1,1,2
QUIRUSILLAS,desnutricion global,desnutricion grave (g),2005-05-01,0,1,0,0,0,1,1
RAVELO,desnutricion global,desnutricion grave (g),2005-05-01,21,17,16,12,37,29,66
REYES,desnutricion global,desnutricion grave (g),2005-05-01,1,3,1,0,2,3,5
RIBERALTA,desnutricion global,desnutricion grave (g),2005-05-01,11,13,7,6,18,19,37
ROBORE,desnutricion global,desnutricion grave (g),2005-05-01,1,1,0,0,1,1,2
RURRENABAQUE,desnutricion global,desnutricion grave (g),2005-05-01,0,0,0,1,0,1,1
SACABA,desnutricion global,desnutricion grave (g),2005-05-01,7,3,3,1,10,4,14
SACABAMBA,desnutricion global,desnutricion grave (g),2005-05-01,1,0,1,0,2,0,2
SAN ANDRES,desnutricion global,desnutricion grave (g),2005-05-01,0,1,1,0,1,1,2
SAN ANTONIO DE LOMERIO,desnutricion global,desnutricion grave (g),2005-05-01,0,2,0,1,0,3,3
SAN BENITO,desnutricion global,desnutricion grave (g),2005-05-01,0,2,0,1,0,3,3
SAN BORJA,desnutricion global,desnutricion grave (g),2005-05-01,2,3,0,0,2,3,5
SAN CARLOS,desnutricion global,desnutricion grave (g),2005-05-01,1,2,0,1,1,3,4
SAN IGNACIO,desnutricion global,desnutricion grave (g),2005-05-01,0,1,0,1,0,2,2
SAN IGNACIO DE VELASCO,desnutricion global,desnutricion grave (g),2005-05-01,8,6,0,3,8,9,17
SAN JOSE DE CHIQUITOS,desnutricion global,desnutricion grave (g),2005-05-01,0,0,1,0,1,0,1
SAN JULIAN,desnutricion global,desnutricion grave (g),2005-05-01,5,0,2,0,7,0,7
SAN LORENZO(PND),desnutricion global,desnutricion grave (g),2005-05-01,1,0,1,1,2,1,3
SAN LORENZO(TJA),desnutricion global,desnutricion grave (g),2005-05-01,1,1,5,5,6,6,12
SAN LUCAS,desnutricion global,desnutricion grave (g),2005-05-01,16,15,7,5,23,20,43
SAN MIGUEL DE VELASCO,desnutricion global,desnutricion grave (g),2005-05-01,0,0,1,0,1,0,1
SAN PEDRO,desnutricion global,desnutricion grave (g),2005-05-01,0,0,0,1,0,1,1
SAN PEDRO DE BUENA VISTA,desnutricion global,desnutricion grave (g),2005-05-01,6,6,1,6,7,12,19
SAN RAFAEL,desnutricion global,desnutricion grave (g),2005-05-01,0,3,1,2,1,5,6
SANTA CRUZ DE LA SIERRA,desnutricion global,desnutricion grave (g),2005-05-01,35,28,16,11,51,39,90
SANTA ROSA,desnutricion global,desnutricion grave (g),2005-05-01,0,1,0,1,0,2,2
SANTA ROSA DEL SARA,desnutricion global,desnutricion grave (g),2005-05-01,0,0,2,0,2,0,2
SANTIAGO DE CALLAPA,desnutricion global,desnutricion grave (g),2005-05-01,1,0,1,0,2,0,2
SANTIVAÑES,desnutricion global,desnutricion grave (g),2005-05-01,0,0,2,1,2,1,3
SAPAHAQUI,desnutricion global,desnutricion grave (g),2005-05-01,1,0,0,0,1,0,1
SENA,desnutricion global,desnutricion grave (g),2005-05-01,0,2,2,1,2,3,5
SICA SICA (VILLA AROMA),desnutricion global,desnutricion grave (g),2005-05-01,4,4,1,0,5,4,9
SICAYA,desnutricion global,desnutricion grave (g),2005-05-01,0,0,1,0,1,0,1
SIPE SIPE,desnutricion global,desnutricion grave (g),2005-05-01,5,8,6,3,11,11,22
SOPACHUY,desnutricion global,desnutricion grave (g),2005-05-01,3,5,0,0,3,5,8
SORACACHI,desnutricion global,desnutricion grave (g),2005-05-01,0,2,0,0,0,2,2
SORATA,desnutricion global,desnutricion grave (g),2005-05-01,1,1,0,1,1,2,3
SUCRE,desnutricion global,desnutricion grave (g),2005-05-01,7,9,4,4,11,13,24
TACACHI,desnutricion global,desnutricion grave (g),2005-05-01,1,2,0,0,1,2,3
TAHUA,desnutricion global,desnutricion grave (g),2005-05-01,0,0,0,1,0,1,1
TAPACARI,desnutricion global,desnutricion grave (g),2005-05-01,1,3,1,0,2,3,5
TARABUCO,desnutricion global,desnutricion grave (g),2005-05-01,12,14,4,4,16,18,34
TARACO,desnutricion global,desnutricion grave (g),2005-05-01,0,1,0,0,0,1,1
TARATA,desnutricion global,desnutricion grave (g),2005-05-01,0,1,1,0,1,1,2
TARIJA,desnutricion global,desnutricion grave (g),2005-05-01,3,0,0,2,3,2,5
TARVITA,desnutricion global,desnutricion grave (g),2005-05-01,4,3,7,4,11,7,18
TEOPONTE,desnutricion global,desnutricion grave (g),2005-05-01,1,0,1,0,2,0,2
TIAWANACU,desnutricion global,desnutricion grave (g),2005-05-01,0,1,0,0,0,1,1
TINGUIPAYA,desnutricion global,desnutricion grave (g),2005-05-01,13,5,2,6,15,11,26
TIRAQUE (CBBA),desnutricion global,desnutricion grave (g),2005-05-01,8,5,2,4,10,9,19
TOCO,desnutricion global,desnutricion grave (g),2005-05-01,1,0,1,0,2,0,2
TOLEDO,desnutricion global,desnutricion grave (g),2005-05-01,1,0,0,0,1,0,1
TOMAVE,desnutricion global,desnutricion grave (g),2005-05-01,2,0,2,0,4,0,4
TOMINA,desnutricion global,desnutricion grave (g),2005-05-01,6,6,1,3,7,9,16
TORO TORO,desnutricion global,desnutricion grave (g),2005-05-01,2,3,2,2,4,5,9
TOTORA(CBBA),desnutricion global,desnutricion grave (g),2005-05-01,0,0,1,0,1,0,1
TRINIDAD,desnutricion global,desnutricion grave (g),2005-05-01,3,2,0,1,3,3,6
TUPIZA,desnutricion global,desnutricion grave (g),2005-05-01,3,1,0,1,3,2,5
UNCIA,desnutricion global,desnutricion grave (g),2005-05-01,0,3,0,0,0,3,3
URIONDO (A. CONCEPCION),desnutricion global,desnutricion grave (g),2005-05-01,1,1,0,0,1,1,2
UYUNI,desnutricion global,desnutricion grave (g),2005-05-01,1,1,0,2,1,3,4
VACAS,desnutricion global,desnutricion grave (g),2005-05-01,4,1,0,1,4,2,6
VALLEGRANDE,desnutricion global,desnutricion grave (g),2005-05-01,8,0,1,1,9,1,10
VIACHA,desnutricion global,desnutricion grave (g),2005-05-01,0,1,1,0,1,1,2
VILA VILA,desnutricion global,desnutricion grave (g),2005-05-01,2,0,3,0,5,0,5
VILLA MONTES,desnutricion global,desnutricion grave (g),2005-05-01,1,0,1,0,2,0,2
VILLA RIVERO,desnutricion global,desnutricion grave (g),2005-05-01,1,0,0,1,1,1,2
VILLA SERRANO,desnutricion global,desnutricion grave (g),2005-05-01,6,1,0,1,6,2,8
VILLA TUNARI,desnutricion global,desnutricion grave (g),2005-05-01,10,8,3,6,13,14,27
VILLA VACA GUZMAN (MUYUPAMPA),desnutricion global,desnutricion grave (g),2005-05-01,1,0,0,0,1,0,1
VILLAZON,desnutricion global,desnutricion grave (g),2005-05-01,0,1,1,0,1,1,2
VINTO,desnutricion global,desnutricion grave (g),2005-05-01,1,1,0,0,1,1,2
VITICHI,desnutricion global,desnutricion grave (g),2005-05-01,1,1,0,0,1,1,2
WARNES,desnutricion global,desnutricion grave (g),2005-05-01,4,1,0,1,4,2,6
YACO,desnutricion global,desnutricion grave (g),2005-05-01,2,2,1,0,3,2,5
YACUIBA,desnutricion global,desnutricion grave (g),2005-05-01,0,1,0,0,0,1,1
YAMPARAEZ,desnutricion global,desnutricion grave (g),2005-05-01,5,2,3,5,8,7,15
YAPACANI,desnutricion global,desnutricion grave (g),2005-05-01,2,2,0,1,2,3,5
YOCALLA,desnutricion global,desnutricion grave (g),2005-05-01,1,0,0,1,1,1,2
YOTALA,desnutricion global,desnutricion grave (g),2005-05-01,2,0,0,1,2,1,3
ZUDAÑEZ,desnutricion global,desnutricion grave (g),2005-05-01,6,1,2,4,8,5,13
ACACIO,desnutricion global,desnutricion grave (g),2005-06-01,1,2,0,0,1,2,3
AIQUILE,desnutricion global,desnutricion grave (g),2005-06-01,0,2,1,1,1,3,4
ALCALA,desnutricion global,desnutricion grave (g),2005-06-01,1,1,1,3,2,4,6
ANTEQUERA,desnutricion global,desnutricion grave (g),2005-06-01,1,0,1,2,2,2,4
APOLO,desnutricion global,desnutricion grave (g),2005-06-01,1,2,0,1,1,3,4
ARAMPAMPA,desnutricion global,desnutricion grave (g),2005-06-01,2,1,2,5,4,6,10
ARANI,desnutricion global,desnutricion grave (g),2005-06-01,0,1,0,1,0,2,2
ARQUE,desnutricion global,desnutricion grave (g),2005-06-01,1,2,0,0,1,2,3
ATOCHA,desnutricion global,desnutricion grave (g),2005-06-01,0,4,1,1,1,5,6
AUCAPATA,desnutricion global,desnutricion grave (g),2005-06-01,4,0,0,0,4,0,4
AYATA,desnutricion global,desnutricion grave (g),2005-06-01,0,2,0,0,0,2,2
AYOPAYA (V. DE INDEPENDENCIA),desnutricion global,desnutricion grave (g),2005-06-01,2,4,0,1,2,5,7
AZURDUY,desnutricion global,desnutricion grave (g),2005-06-01,2,1,0,2,2,3,5
BELEN DE URMIRI,desnutricion global,desnutricion grave (g),2005-06-01,0,0,0,1,0,1,1
BERMEJO,desnutricion global,desnutricion grave (g),2005-06-01,1,0,0,0,1,0,1
BETANZOS,desnutricion global,desnutricion grave (g),2005-06-01,6,3,2,1,8,4,12
BOLIVAR,desnutricion global,desnutricion grave (g),2005-06-01,0,4,0,0,0,4,4
BUENA VISTA,desnutricion global,desnutricion grave (g),2005-06-01,1,2,0,0,1,2,3
CABEZAS,desnutricion global,desnutricion grave (g),2005-06-01,0,1,0,1,0,2,2
CAIROMA,desnutricion global,desnutricion grave (g),2005-06-01,1,0,0,3,1,3,4
"CAIZA ""D""",desnutricion global,desnutricion grave (g),2005-06-01,0,1,0,0,0,1,1
CAJUATA,desnutricion global,desnutricion grave (g),2005-06-01,0,1,0,0,0,1,1
CALAMARCA,desnutricion global,desnutricion grave (g),2005-06-01,4,0,1,0,5,0,5
CAMARGO,desnutricion global,desnutricion grave (g),2005-06-01,6,6,0,0,6,6,12
CAMIRI,desnutricion global,desnutricion grave (g),2005-06-01,5,5,1,4,6,9,15
CAPINOTA,desnutricion global,desnutricion grave (g),2005-06-01,5,4,3,5,8,9,17
CARACOLLO,desnutricion global,desnutricion grave (g),2005-06-01,0,0,1,0,1,0,1
CARANAVI,desnutricion global,desnutricion grave (g),2005-06-01,2,2,1,0,3,2,5
CARAPARI,desnutricion global,desnutricion grave (g),2005-06-01,0,0,1,0,1,0,1
CARIPUYO,desnutricion global,desnutricion grave (g),2005-06-01,2,3,6,5,8,8,16
CHALLAPATA,desnutricion global,desnutricion grave (g),2005-06-01,1,1,1,2,2,3,5
CHAQUI,desnutricion global,desnutricion grave (g),2005-06-01,1,3,1,3,2,6,8
CHARAGUA,desnutricion global,desnutricion grave (g),2005-06-01,3,2,0,1,3,3,6
CHAYANTA,desnutricion global,desnutricion grave (g),2005-06-01,2,3,0,2,2,5,7
CHIMORE,desnutricion global,desnutricion grave (g),2005-06-01,0,0,0,1,0,1,1
CHULUMANI (V. DE LA LIBERTAD),desnutricion global,desnutricion grave (g),2005-06-01,0,2,0,0,0,2,2
CHUMA,desnutricion global,desnutricion grave (g),2005-06-01,1,0,0,2,1,2,3
CLIZA,desnutricion global,desnutricion grave (g),2005-06-01,7,0,2,0,9,0,9
COBIJA,desnutricion global,desnutricion grave (g),2005-06-01,1,2,0,1,1,3,4
COCHABAMBA,desnutricion global,desnutricion grave (g),2005-06-01,7,5,1,2,8,7,15
COLCAPIRHUA,desnutricion global,desnutricion grave (g),2005-06-01,3,4,1,0,4,4,8
"COLCHA ""K""",desnutricion global,desnutricion grave (g),2005-06-01,0,1,0,0,0,1,1
COLOMI,desnutricion global,desnutricion grave (g),2005-06-01,2,6,1,2,3,8,11
COLPA BELGICA,desnutricion global,desnutricion grave (g),2005-06-01,0,1,0,0,0,1,1
COLQUECHACA,desnutricion global,desnutricion grave (g),2005-06-01,5,10,6,8,11,18,29
COLQUIRI,desnutricion global,desnutricion grave (g),2005-06-01,1,0,0,0,1,0,1
COMANCHE,desnutricion global,desnutricion grave (g),2005-06-01,0,1,1,0,1,1,2
COMARAPA,desnutricion global,desnutricion grave (g),2005-06-01,3,0,1,0,4,0,4
COMBAYA,desnutricion global,desnutricion grave (g),2005-06-01,1,0,0,0,1,0,1
CORQUE,desnutricion global,desnutricion grave (g),2005-06-01,0,0,1,0,1,0,1
COTAGAITA,desnutricion global,desnutricion grave (g),2005-06-01,3,2,0,0,3,2,5
CUATRO CAÑADAS,desnutricion global,desnutricion grave (g),2005-06-01,1,0,0,0,1,0,1
CUEVO,desnutricion global,desnutricion grave (g),2005-06-01,0,0,1,0,1,0,1
CULPINA,desnutricion global,desnutricion grave (g),2005-06-01,3,5,6,5,9,10,19
CURVA,desnutricion global,desnutricion grave (g),2005-06-01,1,0,0,0,1,0,1
EL ALTO,desnutricion global,desnutricion grave (g),2005-06-01,26,27,12,18,38,45,83
EL PUENTE(TJA),desnutricion global,desnutricion grave (g),2005-06-01,0,0,0,1,0,1,1
EL TORNO,desnutricion global,desnutricion grave (g),2005-06-01,1,0,1,0,2,0,2
ENTRE RIOS,desnutricion global,desnutricion grave (g),2005-06-01,1,0,0,0,1,0,1
ENTRE RIOS,desnutricion global,desnutricion grave (g),2005-06-01,0,1,1,2,1,3,4
EXALTACION,desnutricion global,desnutricion grave (g),2005-06-01,0,2,3,0,3,2,5
FERNANDEZ ALONSO,desnutricion global,desnutricion grave (g),2005-06-01,0,5,0,0,0,5,5
GENERAL SAAVEDRA,desnutricion global,desnutricion grave (g),2005-06-01,1,2,0,0,1,2,3
GRAL. J.J. PEREZ (CHARAZANI),desnutricion global,desnutricion grave (g),2005-06-01,0,2,0,0,0,2,2
GUANAY,desnutricion global,desnutricion grave (g),2005-06-01,0,1,0,0,0,1,1
GUAYARAMERIN,desnutricion global,desnutricion grave (g),2005-06-01,7,3,0,0,7,3,10
GUTIERREZ,desnutricion global,desnutricion grave (g),2005-06-01,4,2,1,0,5,2,7
HUACARETA,desnutricion global,desnutricion grave (g),2005-06-01,2,0,0,0,2,0,2
HUACAYA (VILLA DE HUACAYA),desnutricion global,desnutricion grave (g),2005-06-01,1,0,0,0,1,0,1
HUANUNI,desnutricion global,desnutricion grave (g),2005-06-01,1,2,0,0,1,2,3
ICLA,desnutricion global,desnutricion grave (g),2005-06-01,3,1,1,0,4,1,5
INCAHUASI,desnutricion global,desnutricion grave (g),2005-06-01,4,9,3,7,7,16,23
INGAVI (HUMAITA),desnutricion global,desnutricion grave (g),2005-06-01,0,1,0,0,0,1,1
INQUISIVI,desnutricion global,desnutricion grave (g),2005-06-01,4,0,0,0,4,0,4
IXIAMAS,desnutricion global,desnutricion grave (g),2005-06-01,1,0,1,0,2,0,2
JESUS DE MACHACA,desnutricion global,desnutricion grave (g),2005-06-01,2,1,0,0,2,1,3
LA ASUNTA,desnutricion global,desnutricion grave (g),2005-06-01,1,0,0,0,1,0,1
LA GUARDIA,desnutricion global,desnutricion grave (g),2005-06-01,2,2,1,1,3,3,6
LA PAZ,desnutricion global,desnutricion grave (g),2005-06-01,13,13,6,11,19,24,43
LAGUNILLAS,desnutricion global,desnutricion grave (g),2005-06-01,0,1,0,0,0,1,1
LAJA,desnutricion global,desnutricion grave (g),2005-06-01,1,0,0,0,1,0,1
LAS CARRERAS,desnutricion global,desnutricion grave (g),2005-06-01,0,0,0,1,0,1,1
LLALLAGUA,desnutricion global,desnutricion grave (g),2005-06-01,6,6,6,0,12,6,18
LURIBAY,desnutricion global,desnutricion grave (g),2005-06-01,2,2,0,0,2,2,4
MACHACAMARCA,desnutricion global,desnutricion grave (g),2005-06-01,3,1,0,0,3,1,4
MACHARETI,desnutricion global,desnutricion grave (g),2005-06-01,0,0,0,1,0,1,1
MAGDALENA,desnutricion global,desnutricion grave (g),2005-06-01,1,0,0,0,1,0,1
MALLA,desnutricion global,desnutricion grave (g),2005-06-01,1,3,0,0,1,3,4
MAPIRI,desnutricion global,desnutricion grave (g),2005-06-01,0,2,0,3,0,5,5
MINEROS,desnutricion global,desnutricion grave (g),2005-06-01,5,2,1,0,6,2,8
MIZQUE,desnutricion global,desnutricion grave (g),2005-06-01,4,2,0,0,4,2,6
MOCOMOCO,desnutricion global,desnutricion grave (g),2005-06-01,1,0,0,1,1,1,2
MOJOCOYA,desnutricion global,desnutricion grave (g),2005-06-01,2,2,1,0,3,2,5
MONTEAGUDO,desnutricion global,desnutricion grave (g),2005-06-01,2,3,2,1,4,4,8
MONTERO,desnutricion global,desnutricion grave (g),2005-06-01,7,8,2,2,9,10,19
MOROCHATA,desnutricion global,desnutricion grave (g),2005-06-01,3,2,0,0,3,2,5
OCURI,desnutricion global,desnutricion grave (g),2005-06-01,3,4,6,2,9,6,15
OKINAWA,desnutricion global,desnutricion grave (g),2005-06-01,0,0,1,0,1,0,1
OMEREQUE,desnutricion global,desnutricion grave (g),2005-06-01,0,0,1,0,1,0,1
ORURO,desnutricion global,desnutricion grave (g),2005-06-01,11,12,9,8,20,20,40
PADILLA,desnutricion global,desnutricion grave (g),2005-06-01,1,1,0,1,1,2,3
PALCA,desnutricion global,desnutricion grave (g),2005-06-01,0,1,0,0,0,1,1
PALOS BLANCOS,desnutricion global,desnutricion grave (g),2005-06-01,2,1,0,0,2,1,3
PAMPA GRANDE,desnutricion global,desnutricion grave (g),2005-06-01,1,0,0,0,1,0,1
PASORAPA,desnutricion global,desnutricion grave (g),2005-06-01,1,0,0,0,1,0,1
PAZÑA,desnutricion global,desnutricion grave (g),2005-06-01,0,1,0,1,0,2,2
POCOATA,desnutricion global,desnutricion grave (g),2005-06-01,5,3,2,3,7,6,13
POCONA,desnutricion global,desnutricion grave (g),2005-06-01,1,0,1,0,2,0,2
POJO (CBBA),desnutricion global,desnutricion grave (g),2005-06-01,1,1,1,1,2,2,4
POOPO,desnutricion global,desnutricion grave (g),2005-06-01,0,0,0,2,0,2,2
POROMA,desnutricion global,desnutricion grave (g),2005-06-01,6,0,2,3,8,3,11
POTOSI,desnutricion global,desnutricion grave (g),2005-06-01,8,10,8,3,16,13,29
PRESTO,desnutricion global,desnutricion grave (g),2005-06-01,5,2,3,2,8,4,12
PUCARANI,desnutricion global,desnutricion grave (g),2005-06-01,0,1,0,0,0,1,1
PUERTO CARABUCO,desnutricion global,desnutricion grave (g),2005-06-01,0,0,0,1,0,1,1
PUERTO GONZALO MORENO,desnutricion global,desnutricion grave (g),2005-06-01,1,0,0,0,1,0,1
PUERTO SUAREZ,desnutricion global,desnutricion grave (g),2005-06-01,2,0,0,0,2,0,2
PUERTO VILLARROEL,desnutricion global,desnutricion grave (g),2005-06-01,7,12,8,5,15,17,32
PUNA,desnutricion global,desnutricion grave (g),2005-06-01,10,5,2,0,12,5,17
PUNATA,desnutricion global,desnutricion grave (g),2005-06-01,1,0,0,0,1,0,1
QUILLACOLLO,desnutricion global,desnutricion grave (g),2005-06-01,2,1,1,1,3,2,5
QUIME,desnutricion global,desnutricion grave (g),2005-06-01,0,1,0,0,0,1,1
RAVELO,desnutricion global,desnutricion grave (g),2005-06-01,11,10,5,5,16,15,31
REYES,desnutricion global,desnutricion grave (g),2005-06-01,4,5,0,0,4,5,9
RIBERALTA,desnutricion global,desnutricion grave (g),2005-06-01,11,24,10,12,21,36,57
RURRENABAQUE,desnutricion global,desnutricion grave (g),2005-06-01,1,0,0,0,1,0,1
SACABA,desnutricion global,desnutricion grave (g),2005-06-01,3,5,1,1,4,6,10
SACACA,desnutricion global,desnutricion grave (g),2005-06-01,8,2,2,3,10,5,15
SAIPINA,desnutricion global,desnutricion grave (g),2005-06-01,0,1,0,0,0,1,1
SALINAS DE GARCI MENDOZA,desnutricion global,desnutricion grave (g),2005-06-01,1,0,0,0,1,0,1
SAMAIPATA,desnutricion global,desnutricion grave (g),2005-06-01,0,1,0,0,0,1,1
SAN BORJA,desnutricion global,desnutricion grave (g),2005-06-01,1,1,1,2,2,3,5
SAN BUENA VENTURA,desnutricion global,desnutricion grave (g),2005-06-01,1,1,0,0,1,1,2
SAN CARLOS,desnutricion global,desnutricion grave (g),2005-06-01,1,1,0,0,1,1,2
SAN IGNACIO,desnutricion global,desnutricion grave (g),2005-06-01,1,0,2,2,3,2,5
SAN IGNACIO DE VELASCO,desnutricion global,desnutricion grave (g),2005-06-01,3,5,3,8,6,13,19
SAN JAVIER(BNI),desnutricion global,desnutricion grave (g),2005-06-01,0,0,0,1,0,1,1
SAN JUAN DE YAPACANI,desnutricion global,desnutricion grave (g),2005-06-01,0,0,0,2,0,2,2
SAN JULIAN,desnutricion global,desnutricion grave (g),2005-06-01,0,1,1,2,1,3,4
SAN LORENZO(TJA),desnutricion global,desnutricion grave (g),2005-06-01,3,3,6,2,9,5,14
SAN LUCAS,desnutricion global,desnutricion grave (g),2005-06-01,16,13,6,6,22,19,41
SAN MIGUEL DE VELASCO,desnutricion global,desnutricion grave (g),2005-06-01,0,1,0,0,0,1,1
SAN PEDRO DE BUENA VISTA,desnutricion global,desnutricion grave (g),2005-06-01,3,2,1,3,4,5,9
SAN PEDRO(PND),desnutricion global,desnutricion grave (g),2005-06-01,0,1,0,0,0,1,1
SAN RAFAEL,desnutricion global,desnutricion grave (g),2005-06-01,0,0,1,0,1,0,1
SANTA ANA,desnutricion global,desnutricion grave (g),2005-06-01,1,0,0,0,1,0,1
SANTA CRUZ DE LA SIERRA,desnutricion global,desnutricion grave (g),2005-06-01,56,44,15,13,71,57,128
SANTA ROSA,desnutricion global,desnutricion grave (g),2005-06-01,1,0,0,0,1,0,1
SANTA ROSA DEL SARA,desnutricion global,desnutricion grave (g),2005-06-01,2,0,0,1,2,1,3
SANTIAGO DE CALLAPA,desnutricion global,desnutricion grave (g),2005-06-01,1,0,0,1,1,1,2
SANTIAGO DE MACHACA,desnutricion global,desnutricion grave (g),2005-06-01,0,1,0,1,0,2,2
SAPAHAQUI,desnutricion global,desnutricion grave (g),2005-06-01,1,0,0,1,1,1,2
SICAYA,desnutricion global,desnutricion grave (g),2005-06-01,3,0,0,0,3,0,3
SIPE SIPE,desnutricion global,desnutricion grave (g),2005-06-01,6,3,2,1,8,4,12
SOPACHUY,desnutricion global,desnutricion grave (g),2005-06-01,1,5,0,2,1,7,8
SORACACHI,desnutricion global,desnutricion grave (g),2005-06-01,1,0,0,0,1,0,1
SUCRE,desnutricion global,desnutricion grave (g),2005-06-01,10,10,4,4,14,14,28
TACOBAMBA,desnutricion global,desnutricion grave (g),2005-06-01,3,2,4,1,7,3,10
TACOPAYA,desnutricion global,desnutricion grave (g),2005-06-01,3,1,2,2,5,3,8
TAPACARI,desnutricion global,desnutricion grave (g),2005-06-01,2,3,1,3,3,6,9
TARABUCO,desnutricion global,desnutricion grave (g),2005-06-01,15,15,7,8,22,23,45
TARACO,desnutricion global,desnutricion grave (g),2005-06-01,1,0,0,0,1,0,1
TARATA,desnutricion global,desnutricion grave (g),2005-06-01,3,0,0,0,3,0,3
TARIJA,desnutricion global,desnutricion grave (g),2005-06-01,13,4,4,4,17,8,25
TARVITA,desnutricion global,desnutricion grave (g),2005-06-01,1,0,0,0,1,0,1
TEOPONTE,desnutricion global,desnutricion grave (g),2005-06-01,0,0,1,0,1,0,1
TINGUIPAYA,desnutricion global,desnutricion grave (g),2005-06-01,7,9,1,8,8,17,25
TIPUANI,desnutricion global,desnutricion grave (g),2005-06-01,0,1,0,0,0,1,1
TIQUIPAYA,desnutricion global,desnutricion grave (g),2005-06-01,1,0,0,1,1,1,2
TIRAQUE (CBBA),desnutricion global,desnutricion grave (g),2005-06-01,2,2,1,1,3,3,6
TOCO,desnutricion global,desnutricion grave (g),2005-06-01,1,0,0,0,1,0,1
TOMAVE,desnutricion global,desnutricion grave (g),2005-06-01,3,0,0,0,3,0,3
TOMINA,desnutricion global,desnutricion grave (g),2005-06-01,1,2,0,2,1,4,5
TORO TORO,desnutricion global,desnutricion grave (g),2005-06-01,11,15,4,3,15,18,33
TOTORA(CBBA),desnutricion global,desnutricion grave (g),2005-06-01,2,1,1,2,3,3,6
TRINIDAD,desnutricion global,desnutricion grave (g),2005-06-01,5,9,0,2,5,11,16
TUPIZA,desnutricion global,desnutricion grave (g),2005-06-01,2,3,1,3,3,6,9
UNCIA,desnutricion global,desnutricion grave (g),2005-06-01,2,2,2,3,4,5,9
URIONDO (A. CONCEPCION),desnutricion global,desnutricion grave (g),2005-06-01,1,0,0,0,1,0,1
VACAS,desnutricion global,desnutricion grave (g),2005-06-01,2,3,0,1,2,4,6
VALLEGRANDE,desnutricion global,desnutricion grave (g),2005-06-01,0,1,0,2,0,3,3
VIACHA,desnutricion global,desnutricion grave (g),2005-06-01,0,1,0,0,0,1,1
VILA VILA,desnutricion global,desnutricion grave (g),2005-06-01,0,5,2,2,2,7,9
VILLA MONTES,desnutricion global,desnutricion grave (g),2005-06-01,1,0,0,1,1,1,2
VILLA RIVERO,desnutricion global,desnutricion grave (g),2005-06-01,1,0,0,0,1,0,1
VILLA SERRANO,desnutricion global,desnutricion grave (g),2005-06-01,4,1,2,1,6,2,8
VILLA TUNARI,desnutricion global,desnutricion grave (g),2005-06-01,3,7,0,0,3,7,10
VILLAZON,desnutricion global,desnutricion grave (g),2005-06-01,0,2,0,1,0,3,3
VITICHI,desnutricion global,desnutricion grave (g),2005-06-01,0,0,0,1,0,1,1
WARNES,desnutricion global,desnutricion grave (g),2005-06-01,3,3,1,1,4,4,8
YACO,desnutricion global,desnutricion grave (g),2005-06-01,1,2,1,1,2,3,5
YACUIBA,desnutricion global,desnutricion grave (g),2005-06-01,2,1,1,0,3,1,4
YAMPARAEZ,desnutricion global,desnutricion grave (g),2005-06-01,6,2,3,4,9,6,15
YAPACANI,desnutricion global,desnutricion grave (g),2005-06-01,3,4,0,0,3,4,7
YOCALLA,desnutricion global,desnutricion grave (g),2005-06-01,0,1,0,0,0,1,1
YOTALA,desnutricion global,desnutricion grave (g),2005-06-01,2,0,2,0,4,0,4
YUNCHARA,desnutricion global,desnutricion grave (g),2005-06-01,0,1,0,0,0,1,1
ZUDAÑEZ,desnutricion global,desnutricion grave (g),2005-06-01,3,2,3,3,6,5,11
ACACIO,desnutricion global,desnutricion grave (g),2005-07-01,2,6,0,1,2,7,9
ACHACACHI,desnutricion global,desnutricion grave (g),2005-07-01,0,2,1,3,1,5,6
AIQUILE,desnutricion global,desnutricion grave (g),2005-07-01,1,0,0,0,1,0,1
ALALAY,desnutricion global,desnutricion grave (g),2005-07-01,1,2,0,0,1,2,3
ALCALA,desnutricion global,desnutricion grave (g),2005-07-01,0,0,2,4,2,4,6
ANCORAIMES,desnutricion global,desnutricion grave (g),2005-07-01,1,0,0,1,1,1,2
ANTEQUERA,desnutricion global,desnutricion grave (g),2005-07-01,0,0,0,1,0,1,1
ANZALDO,desnutricion global,desnutricion grave (g),2005-07-01,1,1,0,0,1,1,2
APOLO,desnutricion global,desnutricion grave (g),2005-07-01,1,0,1,1,2,1,3
ARAMPAMPA,desnutricion global,desnutricion grave (g),2005-07-01,2,0,0,1,2,1,3
ARQUE,desnutricion global,desnutricion grave (g),2005-07-01,4,0,0,0,4,0,4
ATOCHA,desnutricion global,desnutricion grave (g),2005-07-01,0,1,0,0,0,1,1
AUCAPATA,desnutricion global,desnutricion grave (g),2005-07-01,0,0,1,0,1,0,1
AYATA,desnutricion global,desnutricion grave (g),2005-07-01,1,1,0,0,1,1,2
AYO AYO,desnutricion global,desnutricion grave (g),2005-07-01,2,0,0,1,2,1,3
AYOPAYA (V. DE INDEPENDENCIA),desnutricion global,desnutricion grave (g),2005-07-01,0,1,0,0,0,1,1
AZURDUY,desnutricion global,desnutricion grave (g),2005-07-01,3,5,1,3,4,8,12
BERMEJO,desnutricion global,desnutricion grave (g),2005-07-01,0,0,0,1,0,1,1
BETANZOS,desnutricion global,desnutricion grave (g),2005-07-01,8,3,7,3,15,6,21
BOLIVAR,desnutricion global,desnutricion grave (g),2005-07-01,1,0,0,2,1,2,3
BUENA VISTA,desnutricion global,desnutricion grave (g),2005-07-01,0,0,0,1,0,1,1
CABEZAS,desnutricion global,desnutricion grave (g),2005-07-01,0,1,0,1,0,2,2
CAIROMA,desnutricion global,desnutricion grave (g),2005-07-01,1,0,1,2,2,2,4
CAJUATA,desnutricion global,desnutricion grave (g),2005-07-01,1,0,0,0,1,0,1
CALAMARCA,desnutricion global,desnutricion grave (g),2005-07-01,5,0,1,1,6,1,7
CAMARGO,desnutricion global,desnutricion grave (g),2005-07-01,1,2,0,1,1,3,4
CAMIRI,desnutricion global,desnutricion grave (g),2005-07-01,0,0,3,2,3,2,5
CAPINOTA,desnutricion global,desnutricion grave (g),2005-07-01,1,4,0,0,1,4,5
CARACOLLO,desnutricion global,desnutricion grave (g),2005-07-01,1,0,0,0,1,0,1
CARANAVI,desnutricion global,desnutricion grave (g),2005-07-01,4,2,0,1,4,3,7
CARIPUYO,desnutricion global,desnutricion grave (g),2005-07-01,1,0,0,5,1,5,6
CHALLAPATA,desnutricion global,desnutricion grave (g),2005-07-01,4,1,0,0,4,1,5
CHAQUI,desnutricion global,desnutricion grave (g),2005-07-01,0,1,0,2,0,3,3
CHARAGUA,desnutricion global,desnutricion grave (g),2005-07-01,3,2,3,4,6,6,12
CHAYANTA,desnutricion global,desnutricion grave (g),2005-07-01,4,2,1,1,5,3,8
CHUMA,desnutricion global,desnutricion grave (g),2005-07-01,1,3,1,2,2,5,7
CLIZA,desnutricion global,desnutricion grave (g),2005-07-01,0,1,0,0,0,1,1
COBIJA,desnutricion global,desnutricion grave (g),2005-07-01,0,1,0,0,0,1,1
COCHABAMBA,desnutricion global,desnutricion grave (g),2005-07-01,3,9,0,5,3,14,17
COLCAPIRHUA,desnutricion global,desnutricion grave (g),2005-07-01,2,0,0,2,2,2,4
COLOMI,desnutricion global,desnutricion grave (g),2005-07-01,3,1,0,0,3,1,4
COLQUECHACA,desnutricion global,desnutricion grave (g),2005-07-01,12,8,6,3,18,11,29
COLQUENCHA,desnutricion global,desnutricion grave (g),2005-07-01,1,0,1,0,2,0,2
COLQUIRI,desnutricion global,desnutricion grave (g),2005-07-01,3,1,2,3,5,4,9
COMARAPA,desnutricion global,desnutricion grave (g),2005-07-01,1,1,0,0,1,1,2
COROICO,desnutricion global,desnutricion grave (g),2005-07-01,0,1,0,0,0,1,1
CORQUE,desnutricion global,desnutricion grave (g),2005-07-01,0,1,0,0,0,1,1
COTAGAITA,desnutricion global,desnutricion grave (g),2005-07-01,7,5,0,0,7,5,12
COTOCA,desnutricion global,desnutricion grave (g),2005-07-01,2,0,0,0,2,0,2
CUATRO CAÑADAS,desnutricion global,desnutricion grave (g),2005-07-01,1,0,0,0,1,0,1
CULPINA,desnutricion global,desnutricion grave (g),2005-07-01,4,2,6,2,10,4,14
CURVA,desnutricion global,desnutricion grave (g),2005-07-01,0,0,0,1,0,1,1
EL ALTO,desnutricion global,desnutricion grave (g),2005-07-01,46,27,10,13,56,40,96
EL PUENTE(TJA),desnutricion global,desnutricion grave (g),2005-07-01,0,0,0,1,0,1,1
EL TORNO,desnutricion global,desnutricion grave (g),2005-07-01,3,0,0,0,3,0,3
ENTRE RIOS,desnutricion global,desnutricion grave (g),2005-07-01,0,0,1,2,1,2,3
ENTRE RIOS,desnutricion global,desnutricion grave (g),2005-07-01,0,1,0,2,0,3,3
FERNANDEZ ALONSO,desnutricion global,desnutricion grave (g),2005-07-01,2,1,1,0,3,1,4
GRAL. J.J. PEREZ (CHARAZANI),desnutricion global,desnutricion grave (g),2005-07-01,2,1,0,1,2,2,4
GUANAY,desnutricion global,desnutricion grave (g),2005-07-01,0,0,2,1,2,1,3
GUAYARAMERIN,desnutricion global,desnutricion grave (g),2005-07-01,0,3,0,0,0,3,3
GUTIERREZ,desnutricion global,desnutricion grave (g),2005-07-01,1,1,1,0,2,1,3
HUACARETA,desnutricion global,desnutricion grave (g),2005-07-01,1,0,0,0,1,0,1
HUACAYA (VILLA DE HUACAYA),desnutricion global,desnutricion grave (g),2005-07-01,0,0,1,0,1,0,1
HUANUNI,desnutricion global,desnutricion grave (g),2005-07-01,6,1,0,1,6,2,8
ICLA,desnutricion global,desnutricion grave (g),2005-07-01,7,3,2,3,9,6,15
INCAHUASI,desnutricion global,desnutricion grave (g),2005-07-01,4,5,3,3,7,8,15
INQUISIVI,desnutricion global,desnutricion grave (g),2005-07-01,1,0,1,1,2,1,3
IXIAMAS,desnutricion global,desnutricion grave (g),2005-07-01,1,1,0,0,1,1,2
JESUS DE MACHACA,desnutricion global,desnutricion grave (g),2005-07-01,2,1,1,0,3,1,4
LA ASUNTA,desnutricion global,desnutricion grave (g),2005-07-01,1,3,0,0,1,3,4
LA GUARDIA,desnutricion global,desnutricion grave (g),2005-07-01,3,1,3,1,6,2,8
LA PAZ,desnutricion global,desnutricion grave (g),2005-07-01,14,9,2,3,16,12,28
LLALLAGUA,desnutricion global,desnutricion grave (g),2005-07-01,8,7,3,3,11,10,21
LURIBAY,desnutricion global,desnutricion grave (g),2005-07-01,3,3,0,0,3,3,6
MACHACAMARCA,desnutricion global,desnutricion grave (g),2005-07-01,1,0,0,0,1,0,1
MAPIRI,desnutricion global,desnutricion grave (g),2005-07-01,2,2,0,0,2,2,4
MINEROS,desnutricion global,desnutricion grave (g),2005-07-01,0,0,1,0,1,0,1
MIZQUE,desnutricion global,desnutricion grave (g),2005-07-01,4,4,0,0,4,4,8
MOCOMOCO,desnutricion global,desnutricion grave (g),2005-07-01,4,1,0,3,4,4,8
MOJOCOYA,desnutricion global,desnutricion grave (g),2005-07-01,0,1,1,0,1,1,2
MONTEAGUDO,desnutricion global,desnutricion grave (g),2005-07-01,1,2,2,1,3,3,6
MONTERO,desnutricion global,desnutricion grave (g),2005-07-01,2,5,2,3,4,8,12
MOROCHATA,desnutricion global,desnutricion grave (g),2005-07-01,5,0,1,2,6,2,8
OCURI,desnutricion global,desnutricion grave (g),2005-07-01,5,7,5,4,10,11,21
ORURO,desnutricion global,desnutricion grave (g),2005-07-01,5,6,3,0,8,6,14
PADCAYA,desnutricion global,desnutricion grave (g),2005-07-01,0,0,1,0,1,0,1
PADILLA,desnutricion global,desnutricion grave (g),2005-07-01,1,0,0,1,1,1,2
PALCA,desnutricion global,desnutricion grave (g),2005-07-01,1,0,0,0,1,0,1
PALOS BLANCOS,desnutricion global,desnutricion grave (g),2005-07-01,1,0,0,2,1,2,3
PAMPA GRANDE,desnutricion global,desnutricion grave (g),2005-07-01,1,0,0,0,1,0,1
PAZÑA,desnutricion global,desnutricion grave (g),2005-07-01,1,1,0,0,1,1,2
POCOATA,desnutricion global,desnutricion grave (g),2005-07-01,2,8,2,3,4,11,15
POCONA,desnutricion global,desnutricion grave (g),2005-07-01,1,0,0,0,1,0,1
POJO (CBBA),desnutricion global,desnutricion grave (g),2005-07-01,1,3,0,2,1,5,6
PORCO,desnutricion global,desnutricion grave (g),2005-07-01,0,1,0,0,0,1,1
POROMA,desnutricion global,desnutricion grave (g),2005-07-01,5,3,4,6,9,9,18
POTOSI,desnutricion global,desnutricion grave (g),2005-07-01,5,14,1,2,6,16,22
PRESTO,desnutricion global,desnutricion grave (g),2005-07-01,3,3,2,1,5,4,9
PUERTO CARABUCO,desnutricion global,desnutricion grave (g),2005-07-01,2,0,1,0,3,0,3
PUERTO VILLARROEL,desnutricion global,desnutricion grave (g),2005-07-01,3,2,6,3,9,5,14
PUNA,desnutricion global,desnutricion grave (g),2005-07-01,12,13,3,4,15,17,32
PUNATA,desnutricion global,desnutricion grave (g),2005-07-01,2,4,1,0,3,4,7
QUILLACOLLO,desnutricion global,desnutricion grave (g),2005-07-01,0,1,3,4,3,5,8
QUIME,desnutricion global,desnutricion grave (g),2005-07-01,0,2,0,0,0,2,2
RAVELO,desnutricion global,desnutricion grave (g),2005-07-01,15,20,6,4,21,24,45
REYES,desnutricion global,desnutricion grave (g),2005-07-01,1,4,0,1,1,5,6
RIBERALTA,desnutricion global,desnutricion grave (g),2005-07-01,10,21,9,9,19,30,49
SACABA,desnutricion global,desnutricion grave (g),2005-07-01,3,2,2,0,5,2,7
SACACA,desnutricion global,desnutricion grave (g),2005-07-01,6,2,1,1,7,3,10
SAN ANTONIO DE LOMERIO,desnutricion global,desnutricion grave (g),2005-07-01,0,1,0,0,0,1,1
SAN BENITO,desnutricion global,desnutricion grave (g),2005-07-01,1,0,0,0,1,0,1
SAN BORJA,desnutricion global,desnutricion grave (g),2005-07-01,7,3,3,3,10,6,16
SAN BUENA VENTURA,desnutricion global,desnutricion grave (g),2005-07-01,1,2,0,1,1,3,4
SAN CARLOS,desnutricion global,desnutricion grave (g),2005-07-01,1,1,0,0,1,1,2
SAN IGNACIO,desnutricion global,desnutricion grave (g),2005-07-01,2,3,1,3,3,6,9
SAN IGNACIO DE VELASCO,desnutricion global,desnutricion grave (g),2005-07-01,2,9,4,5,6,14,20
SAN JAVIER(BNI),desnutricion global,desnutricion grave (g),2005-07-01,1,0,0,0,1,0,1
SAN JAVIER(STC),desnutricion global,desnutricion grave (g),2005-07-01,0,0,0,2,0,2,2
SAN JUAN DE YAPACANI,desnutricion global,desnutricion grave (g),2005-07-01,0,1,0,0,0,1,1
SAN JULIAN,desnutricion global,desnutricion grave (g),2005-07-01,2,0,1,1,3,1,4
SAN LORENZO(TJA),desnutricion global,desnutricion grave (g),2005-07-01,3,5,6,6,9,11,20
SAN LUCAS,desnutricion global,desnutricion grave (g),2005-07-01,13,8,2,7,15,15,30
SAN MIGUEL DE VELASCO,desnutricion global,desnutricion grave (g),2005-07-01,2,1,0,0,2,1,3
SAN PEDRO,desnutricion global,desnutricion grave (g),2005-07-01,0,0,1,0,1,0,1
SAN PEDRO DE BUENA VISTA,desnutricion global,desnutricion grave (g),2005-07-01,5,1,9,7,14,8,22
SAN RAFAEL,desnutricion global,desnutricion grave (g),2005-07-01,0,0,0,3,0,3,3
SANTA CRUZ DE LA SIERRA,desnutricion global,desnutricion grave (g),2005-07-01,25,24,11,13,36,37,73
SANTA ROSA,desnutricion global,desnutricion grave (g),2005-07-01,3,0,0,0,3,0,3
SANTA ROSA DEL SARA,desnutricion global,desnutricion grave (g),2005-07-01,2,1,0,0,2,1,3
SANTIAGO DE HUARI,desnutricion global,desnutricion grave (g),2005-07-01,1,0,0,0,1,0,1
SANTIAGO DE MACHACA,desnutricion global,desnutricion grave (g),2005-07-01,0,1,1,1,1,2,3
SAPAHAQUI,desnutricion global,desnutricion grave (g),2005-07-01,0,1,0,0,0,1,1
SENA,desnutricion global,desnutricion grave (g),2005-07-01,1,2,0,0,1,2,3
SICA SICA (VILLA AROMA),desnutricion global,desnutricion grave (g),2005-07-01,1,0,0,0,1,0,1
SICAYA,desnutricion global,desnutricion grave (g),2005-07-01,2,0,0,0,2,0,2
SIPE SIPE,desnutricion global,desnutricion grave (g),2005-07-01,3,2,0,0,3,2,5
SOPACHUY,desnutricion global,desnutricion grave (g),2005-07-01,1,3,0,2,1,5,6
SORACACHI,desnutricion global,desnutricion grave (g),2005-07-01,3,1,0,0,3,1,4
SORATA,desnutricion global,desnutricion grave (g),2005-07-01,1,0,0,0,1,0,1
SUCRE,desnutricion global,desnutricion grave (g),2005-07-01,8,10,1,4,9,14,23
TACOBAMBA,desnutricion global,desnutricion grave (g),2005-07-01,1,2,0,1,1,3,4
TACOPAYA,desnutricion global,desnutricion grave (g),2005-07-01,1,3,1,0,2,3,5
TAPACARI,desnutricion global,desnutricion grave (g),2005-07-01,3,2,1,1,4,3,7
TARABUCO,desnutricion global,desnutricion grave (g),2005-07-01,13,14,6,11,19,25,44
TARACO,desnutricion global,desnutricion grave (g),2005-07-01,1,0,0,0,1,0,1
TARATA,desnutricion global,desnutricion grave (g),2005-07-01,0,0,0,1,0,1,1
TARIJA,desnutricion global,desnutricion grave (g),2005-07-01,5,3,0,2,5,5,10
TARVITA,desnutricion global,desnutricion grave (g),2005-07-01,1,3,6,3,7,6,13
TEOPONTE,desnutricion global,desnutricion grave (g),2005-07-01,0,0,2,0,2,0,2
TINGUIPAYA,desnutricion global,desnutricion grave (g),2005-07-01,6,7,3,2,9,9,18
TIPUANI,desnutricion global,desnutricion grave (g),2005-07-01,1,0,0,0,1,0,1
TIQUIPAYA,desnutricion global,desnutricion grave (g),2005-07-01,0,1,0,0,0,1,1
TIRAQUE (CBBA),desnutricion global,desnutricion grave (g),2005-07-01,1,3,0,3,1,6,7
TOCO,desnutricion global,desnutricion grave (g),2005-07-01,1,0,1,0,2,0,2
TOMAVE,desnutricion global,desnutricion grave (g),2005-07-01,1,1,0,0,1,1,2
TOMINA,desnutricion global,desnutricion grave (g),2005-07-01,2,1,3,5,5,6,11
TORO TORO,desnutricion global,desnutricion grave (g),2005-07-01,4,2,0,4,4,6,10
TOTORA(ORR),desnutricion global,desnutricion grave (g),2005-07-01,0,0,0,1,0,1,1
TRINIDAD,desnutricion global,desnutricion grave (g),2005-07-01,2,1,0,1,2,2,4
TUPIZA,desnutricion global,desnutricion grave (g),2005-07-01,3,1,0,1,3,2,5
UNCIA,desnutricion global,desnutricion grave (g),2005-07-01,0,0,1,2,1,2,3
URIONDO (A. CONCEPCION),desnutricion global,desnutricion grave (g),2005-07-01,1,0,0,0,1,0,1
UYUNI,desnutricion global,desnutricion grave (g),2005-07-01,0,1,2,0,2,1,3
VACAS,desnutricion global,desnutricion grave (g),2005-07-01,4,1,0,2,4,3,7
VALLEGRANDE,desnutricion global,desnutricion grave (g),2005-07-01,1,0,1,2,2,2,4
VIACHA,desnutricion global,desnutricion grave (g),2005-07-01,1,3,0,0,1,3,4
VILA VILA,desnutricion global,desnutricion grave (g),2005-07-01,2,3,0,0,2,3,5
VILLA MONTES,desnutricion global,desnutricion grave (g),2005-07-01,1,0,1,0,2,0,2
VILLA SERRANO,desnutricion global,desnutricion grave (g),2005-07-01,5,2,2,1,7,3,10
VILLA TUNARI,desnutricion global,desnutricion grave (g),2005-07-01,1,1,2,2,3,3,6
VILLA VACA GUZMAN (MUYUPAMPA),desnutricion global,desnutricion grave (g),2005-07-01,0,3,0,0,0,3,3
VILLAZON,desnutricion global,desnutricion grave (g),2005-07-01,1,0,0,0,1,0,1
VINTO,desnutricion global,desnutricion grave (g),2005-07-01,1,0,0,0,1,0,1
VITICHI,desnutricion global,desnutricion grave (g),2005-07-01,0,1,2,0,2,1,3
WALDO BALLIVIAN,desnutricion global,desnutricion grave (g),2005-07-01,0,1,0,0,0,1,1
WARNES,desnutricion global,desnutricion grave (g),2005-07-01,2,2,1,0,3,2,5
YACO,desnutricion global,desnutricion grave (g),2005-07-01,2,0,0,0,2,0,2
YACUIBA,desnutricion global,desnutricion grave (g),2005-07-01,1,0,1,0,2,0,2
YAMPARAEZ,desnutricion global,desnutricion grave (g),2005-07-01,3,2,2,3,5,5,10
YAPACANI,desnutricion global,desnutricion grave (g),2005-07-01,3,1,0,0,3,1,4
YOCALLA,desnutricion global,desnutricion grave (g),2005-07-01,1,0,0,0,1,0,1
YOTALA,desnutricion global,desnutricion grave (g),2005-07-01,3,1,1,0,4,1,5
ZUDAÑEZ,desnutricion global,desnutricion grave (g),2005-07-01,3,5,3,2,6,7,13
ACACIO,desnutricion global,desnutricion grave (g),2005-08-01,1,3,3,1,4,4,8
ACHACACHI,desnutricion global,desnutricion grave (g),2005-08-01,2,2,0,3,2,5,7
AIQUILE,desnutricion global,desnutricion grave (g),2005-08-01,1,3,1,3,2,6,8
ALCALA,desnutricion global,desnutricion grave (g),2005-08-01,1,1,0,2,1,3,4
ANCORAIMES,desnutricion global,desnutricion grave (g),2005-08-01,2,1,0,1,2,2,4
ANDAMARCA,desnutricion global,desnutricion grave (g),2005-08-01,1,1,0,0,1,1,2
APOLO,desnutricion global,desnutricion grave (g),2005-08-01,0,2,1,1,1,3,4
ARAMPAMPA,desnutricion global,desnutricion grave (g),2005-08-01,9,1,1,2,10,3,13
ARQUE,desnutricion global,desnutricion grave (g),2005-08-01,2,3,0,1,2,4,6
AUCAPATA,desnutricion global,desnutricion grave (g),2005-08-01,1,0,0,0,1,0,1
AYATA,desnutricion global,desnutricion grave (g),2005-08-01,3,0,0,0,3,0,3
AYO AYO,desnutricion global,desnutricion grave (g),2005-08-01,0,1,0,0,0,1,1
AYOPAYA (V. DE INDEPENDENCIA),desnutricion global,desnutricion grave (g),2005-08-01,4,5,2,2,6,7,13
AZURDUY,desnutricion global,desnutricion grave (g),2005-08-01,3,1,0,2,3,3,6
BATALLAS,desnutricion global,desnutricion grave (g),2005-08-01,0,1,0,0,0,1,1
BELEN DE URMIRI,desnutricion global,desnutricion grave (g),2005-08-01,1,0,0,0,1,0,1
BERMEJO,desnutricion global,desnutricion grave (g),2005-08-01,0,1,0,0,0,1,1
BETANZOS,desnutricion global,desnutricion grave (g),2005-08-01,9,7,1,7,10,14,24
BOLIVAR,desnutricion global,desnutricion grave (g),2005-08-01,3,4,1,3,4,7,11
BOYUIBE,desnutricion global,desnutricion grave (g),2005-08-01,0,1,0,0,0,1,1
BUENA VISTA,desnutricion global,desnutricion grave (g),2005-08-01,0,1,0,0,0,1,1
CABEZAS,desnutricion global,desnutricion grave (g),2005-08-01,0,0,1,1,1,1,2
CAIROMA,desnutricion global,desnutricion grave (g),2005-08-01,5,2,1,3,6,5,11
"CAIZA ""D""",desnutricion global,desnutricion grave (g),2005-08-01,1,0,1,1,2,1,3
CAJUATA,desnutricion global,desnutricion grave (g),2005-08-01,3,6,0,1,3,7,10
CALACOTO,desnutricion global,desnutricion grave (g),2005-08-01,1,0,0,0,1,0,1
CALAMARCA,desnutricion global,desnutricion grave (g),2005-08-01,2,1,1,0,3,1,4
CAMARGO,desnutricion global,desnutricion grave (g),2005-08-01,6,2,2,3,8,5,13
CAMIRI,desnutricion global,desnutricion grave (g),2005-08-01,2,3,1,5,3,8,11
CAPINOTA,desnutricion global,desnutricion grave (g),2005-08-01,3,4,3,3,6,7,13
CAQUIAVIRI,desnutricion global,desnutricion grave (g),2005-08-01,0,1,0,0,0,1,1
CARACOLLO,desnutricion global,desnutricion grave (g),2005-08-01,1,0,1,0,2,0,2
CARANAVI,desnutricion global,desnutricion grave (g),2005-08-01,6,6,0,1,6,7,13
CARIPUYO,desnutricion global,desnutricion grave (g),2005-08-01,4,5,3,3,7,8,15
CHALLAPATA,desnutricion global,desnutricion grave (g),2005-08-01,5,2,2,4,7,6,13
CHAQUI,desnutricion global,desnutricion grave (g),2005-08-01,0,1,0,3,0,4,4
CHARAGUA,desnutricion global,desnutricion grave (g),2005-08-01,3,2,1,0,4,2,6
CHAYANTA,desnutricion global,desnutricion grave (g),2005-08-01,3,5,2,3,5,8,13
CHIMORE,desnutricion global,desnutricion grave (g),2005-08-01,2,2,2,0,4,2,6
CHIPAYA,desnutricion global,desnutricion grave (g),2005-08-01,0,0,2,0,2,0,2
CHUMA,desnutricion global,desnutricion grave (g),2005-08-01,2,3,1,1,3,4,7
CLIZA,desnutricion global,desnutricion grave (g),2005-08-01,2,3,0,0,2,3,5
COBIJA,desnutricion global,desnutricion grave (g),2005-08-01,0,0,0,1,0,1,1
COCHABAMBA,desnutricion global,desnutricion grave (g),2005-08-01,8,4,2,1,10,5,15
COLCAPIRHUA,desnutricion global,desnutricion grave (g),2005-08-01,2,0,0,0,2,0,2
COLOMI,desnutricion global,desnutricion grave (g),2005-08-01,2,0,0,0,2,0,2
COLPA BELGICA,desnutricion global,desnutricion grave (g),2005-08-01,0,2,0,1,0,3,3
COLQUECHACA,desnutricion global,desnutricion grave (g),2005-08-01,7,32,3,1,10,33,43
COLQUENCHA,desnutricion global,desnutricion grave (g),2005-08-01,1,1,0,1,1,2,3
COLQUIRI,desnutricion global,desnutricion grave (g),2005-08-01,0,0,1,1,1,1,2
COMARAPA,desnutricion global,desnutricion grave (g),2005-08-01,2,0,0,0,2,0,2
COMBAYA,desnutricion global,desnutricion grave (g),2005-08-01,1,0,0,0,1,0,1
CONCEPCION,desnutricion global,desnutricion grave (g),2005-08-01,0,1,0,0,0,1,1
COPACABANA,desnutricion global,desnutricion grave (g),2005-08-01,1,1,0,0,1,1,2
CORO CORO,desnutricion global,desnutricion grave (g),2005-08-01,1,0,0,0,1,0,1
COTAGAITA,desnutricion global,desnutricion grave (g),2005-08-01,3,3,0,3,3,6,9
COTOCA,desnutricion global,desnutricion grave (g),2005-08-01,0,1,2,0,2,1,3
CULPINA,desnutricion global,desnutricion grave (g),2005-08-01,3,8,2,5,5,13,18
CURVA,desnutricion global,desnutricion grave (g),2005-08-01,0,0,1,1,1,1,2
DESAGUADERO,desnutricion global,desnutricion grave (g),2005-08-01,1,0,0,0,1,0,1
EL ALTO,desnutricion global,desnutricion grave (g),2005-08-01,26,24,19,9,45,33,78
EL CHORO,desnutricion global,desnutricion grave (g),2005-08-01,1,0,0,0,1,0,1
EL PUENTE(TJA),desnutricion global,desnutricion grave (g),2005-08-01,0,1,0,0,0,1,1
EL TORNO,desnutricion global,desnutricion grave (g),2005-08-01,0,0,1,0,1,0,1
EL VILLAR,desnutricion global,desnutricion grave (g),2005-08-01,0,0,0,1,0,1,1
ENTRE RIOS,desnutricion global,desnutricion grave (g),2005-08-01,3,4,0,3,3,7,10
ENTRE RIOS,desnutricion global,desnutricion grave (g),2005-08-01,1,0,0,3,1,3,4
EXALTACION,desnutricion global,desnutricion grave (g),2005-08-01,0,0,1,0,1,0,1
FERNANDEZ ALONSO,desnutricion global,desnutricion grave (g),2005-08-01,2,2,0,0,2,2,4
GENERAL SAAVEDRA,desnutricion global,desnutricion grave (g),2005-08-01,2,3,9,1,11,4,15
GRAL. J.J. PEREZ (CHARAZANI),desnutricion global,desnutricion grave (g),2005-08-01,2,0,0,0,2,0,2
GUANAY,desnutricion global,desnutricion grave (g),2005-08-01,0,1,0,1,0,2,2
GUAQUI,desnutricion global,desnutricion grave (g),2005-08-01,1,0,0,0,1,0,1
GUAYARAMERIN,desnutricion global,desnutricion grave (g),2005-08-01,2,2,0,3,2,5,7
GUTIERREZ,desnutricion global,desnutricion grave (g),2005-08-01,0,1,2,1,2,2,4
HUACARETA,desnutricion global,desnutricion grave (g),2005-08-01,0,1,1,0,1,1,2
HUARACAJE,desnutricion global,desnutricion grave (g),2005-08-01,1,0,0,0,1,0,1
ICLA,desnutricion global,desnutricion grave (g),2005-08-01,2,1,2,1,4,2,6
INCAHUASI,desnutricion global,desnutricion grave (g),2005-08-01,19,9,0,8,19,17,36
INGAVI (HUMAITA),desnutricion global,desnutricion grave (g),2005-08-01,1,0,0,0,1,0,1
INQUISIVI,desnutricion global,desnutricion grave (g),2005-08-01,1,1,3,3,4,4,8
IXIAMAS,desnutricion global,desnutricion grave (g),2005-08-01,0,1,0,0,0,1,1
JESUS DE MACHACA,desnutricion global,desnutricion grave (g),2005-08-01,1,0,1,0,2,0,2
LA ASUNTA,desnutricion global,desnutricion grave (g),2005-08-01,2,0,0,0,2,0,2
LA GUARDIA,desnutricion global,desnutricion grave (g),2005-08-01,0,1,1,0,1,1,2
LA PAZ,desnutricion global,desnutricion grave (g),2005-08-01,16,9,4,5,20,14,34
LAGUNILLAS,desnutricion global,desnutricion grave (g),2005-08-01,0,1,0,0,0,1,1
LLALLAGUA,desnutricion global,desnutricion grave (g),2005-08-01,16,4,8,5,24,9,33
LURIBAY,desnutricion global,desnutricion grave (g),2005-08-01,1,1,1,0,2,1,3
MACHACAMARCA,desnutricion global,desnutricion grave (g),2005-08-01,1,0,0,0,1,0,1
MACHARETI,desnutricion global,desnutricion grave (g),2005-08-01,0,0,1,0,1,0,1
MAGDALENA,desnutricion global,desnutricion grave (g),2005-08-01,1,0,0,0,1,0,1
MAIRANA,desnutricion global,desnutricion grave (g),2005-08-01,0,0,0,1,0,1,1
MALLA,desnutricion global,desnutricion grave (g),2005-08-01,0,2,0,0,0,2,2
MAPIRI,desnutricion global,desnutricion grave (g),2005-08-01,0,1,0,0,0,1,1
MECAPACA,desnutricion global,desnutricion grave (g),2005-08-01,1,0,0,0,1,0,1
MINEROS,desnutricion global,desnutricion grave (g),2005-08-01,3,1,3,1,6,2,8
MIZQUE,desnutricion global,desnutricion grave (g),2005-08-01,0,7,4,3,4,10,14
MOCOMOCO,desnutricion global,desnutricion grave (g),2005-08-01,0,1,0,0,0,1,1
MOJOCOYA,desnutricion global,desnutricion grave (g),2005-08-01,2,0,1,0,3,0,3
MONTEAGUDO,desnutricion global,desnutricion grave (g),2005-08-01,4,3,1,2,5,5,10
MONTERO,desnutricion global,desnutricion grave (g),2005-08-01,7,10,4,4,11,14,25
MORO MORO,desnutricion global,desnutricion grave (g),2005-08-01,1,0,0,0,1,0,1
MOROCHATA,desnutricion global,desnutricion grave (g),2005-08-01,6,4,1,0,7,4,11
NUEVO MANOA (NUEVA ESPERANZA),desnutricion global,desnutricion grave (g),2005-08-01,0,1,0,0,0,1,1
OCURI,desnutricion global,desnutricion grave (g),2005-08-01,9,7,4,1,13,8,21
OKINAWA,desnutricion global,desnutricion grave (g),2005-08-01,1,0,0,0,1,0,1
ORURO,desnutricion global,desnutricion grave (g),2005-08-01,10,15,1,1,11,16,27
PADCAYA,desnutricion global,desnutricion grave (g),2005-08-01,1,0,0,0,1,0,1
PADILLA,desnutricion global,desnutricion grave (g),2005-08-01,0,1,1,0,1,1,2
PALCA,desnutricion global,desnutricion grave (g),2005-08-01,0,1,0,0,0,1,1
PALOS BLANCOS,desnutricion global,desnutricion grave (g),2005-08-01,1,0,0,0,1,0,1
PAMPA GRANDE,desnutricion global,desnutricion grave (g),2005-08-01,1,1,0,0,1,1,2
POCOATA,desnutricion global,desnutricion grave (g),2005-08-01,3,4,2,2,5,6,11
POCONA,desnutricion global,desnutricion grave (g),2005-08-01,1,2,0,1,1,3,4
POJO (CBBA),desnutricion global,desnutricion grave (g),2005-08-01,1,2,0,0,1,2,3
PORCO,desnutricion global,desnutricion grave (g),2005-08-01,0,2,0,0,0,2,2
POROMA,desnutricion global,desnutricion grave (g),2005-08-01,5,7,1,3,6,10,16
PORONGO,desnutricion global,desnutricion grave (g),2005-08-01,0,1,0,0,0,1,1
PORTACHUELO,desnutricion global,desnutricion grave (g),2005-08-01,0,1,0,0,0,1,1
POTOSI,desnutricion global,desnutricion grave (g),2005-08-01,7,12,2,0,9,12,21
PRESTO,desnutricion global,desnutricion grave (g),2005-08-01,2,4,1,1,3,5,8
PUCARANI,desnutricion global,desnutricion grave (g),2005-08-01,2,0,1,0,3,0,3
PUERTO PEREZ,desnutricion global,desnutricion grave (g),2005-08-01,1,0,0,0,1,0,1
PUERTO SILES,desnutricion global,desnutricion grave (g),2005-08-01,1,0,0,0,1,0,1
PUERTO VILLARROEL,desnutricion global,desnutricion grave (g),2005-08-01,1,4,2,4,3,8,11
PUNA,desnutricion global,desnutricion grave (g),2005-08-01,8,3,2,3,10,6,16
PUNATA,desnutricion global,desnutricion grave (g),2005-08-01,0,1,0,0,0,1,1
QUILLACOLLO,desnutricion global,desnutricion grave (g),2005-08-01,4,1,0,0,4,1,5
RAVELO,desnutricion global,desnutricion grave (g),2005-08-01,14,10,9,4,23,14,37
REYES,desnutricion global,desnutricion grave (g),2005-08-01,2,3,2,1,4,4,8
RIBERALTA,desnutricion global,desnutricion grave (g),2005-08-01,11,35,12,8,23,43,66
RURRENABAQUE,desnutricion global,desnutricion grave (g),2005-08-01,1,0,0,0,1,0,1
SACABA,desnutricion global,desnutricion grave (g),2005-08-01,4,2,3,4,7,6,13
SACABAMBA,desnutricion global,desnutricion grave (g),2005-08-01,2,0,1,0,3,0,3
SACACA,desnutricion global,desnutricion grave (g),2005-08-01,13,8,2,5,15,13,28
SALINAS DE GARCI MENDOZA,desnutricion global,desnutricion grave (g),2005-08-01,2,0,0,0,2,0,2
SAMAIPATA,desnutricion global,desnutricion grave (g),2005-08-01,0,1,0,0,0,1,1
SAN ANDRES,desnutricion global,desnutricion grave (g),2005-08-01,0,0,1,0,1,0,1
SAN ANDRES DE MACHACA,desnutricion global,desnutricion grave (g),2005-08-01,0,0,0,1,0,1,1
SAN ANTONIO DE LOMERIO,desnutricion global,desnutricion grave (g),2005-08-01,2,0,0,0,2,0,2
SAN BORJA,desnutricion global,desnutricion grave (g),2005-08-01,10,9,0,1,10,10,20
SAN BUENA VENTURA,desnutricion global,desnutricion grave (g),2005-08-01,1,2,0,0,1,2,3
SAN CARLOS,desnutricion global,desnutricion grave (g),2005-08-01,0,1,0,0,0,1,1
SAN IGNACIO,desnutricion global,desnutricion grave (g),2005-08-01,1,0,0,1,1,1,2
SAN IGNACIO DE VELASCO,desnutricion global,desnutricion grave (g),2005-08-01,4,7,2,2,6,9,15
SAN JAVIER(BNI),desnutricion global,desnutricion grave (g),2005-08-01,2,1,0,1,2,2,4
SAN JUAN DE YAPACANI,desnutricion global,desnutricion grave (g),2005-08-01,0,0,1,0,1,0,1
SAN JULIAN,desnutricion global,desnutricion grave (g),2005-08-01,0,0,1,0,1,0,1
SAN LORENZO(TJA),desnutricion global,desnutricion grave (g),2005-08-01,1,1,0,2,1,3,4
SAN LUCAS,desnutricion global,desnutricion grave (g),2005-08-01,22,15,6,11,28,26,54
SAN MIGUEL DE VELASCO,desnutricion global,desnutricion grave (g),2005-08-01,0,2,0,1,0,3,3
SAN PEDRO,desnutricion global,desnutricion grave (g),2005-08-01,0,0,1,0,1,0,1
SAN PEDRO DE BUENA VISTA,desnutricion global,desnutricion grave (g),2005-08-01,14,7,7,11,21,18,39
SAN PEDRO(PND),desnutricion global,desnutricion grave (g),2005-08-01,0,1,0,0,0,1,1
SAN RAFAEL,desnutricion global,desnutricion grave (g),2005-08-01,2,0,1,0,3,0,3
SANTA ANA,desnutricion global,desnutricion grave (g),2005-08-01,0,1,0,0,0,1,1
SANTA CRUZ DE LA SIERRA,desnutricion global,desnutricion grave (g),2005-08-01,32,41,12,7,44,48,92
SANTA ROSA DEL SARA,desnutricion global,desnutricion grave (g),2005-08-01,0,3,1,0,1,3,4
SANTIAGO DE CALLAPA,desnutricion global,desnutricion grave (g),2005-08-01,0,0,1,1,1,1,2
SANTIAGO DE MACHACA,desnutricion global,desnutricion grave (g),2005-08-01,1,0,0,0,1,0,1
SANTUARIO DE QUILLACAS,desnutricion global,desnutricion grave (g),2005-08-01,1,0,0,0,1,0,1
SAPAHAQUI,desnutricion global,desnutricion grave (g),2005-08-01,0,1,0,0,0,1,1
SENA,desnutricion global,desnutricion grave (g),2005-08-01,1,0,0,0,1,0,1
SICA SICA (VILLA AROMA),desnutricion global,desnutricion grave (g),2005-08-01,3,1,1,0,4,1,5
SICAYA,desnutricion global,desnutricion grave (g),2005-08-01,2,1,1,0,3,1,4
SIPE SIPE,desnutricion global,desnutricion grave (g),2005-08-01,6,2,1,1,7,3,10
SOPACHUY,desnutricion global,desnutricion grave (g),2005-08-01,2,4,0,1,2,5,7
SORACACHI,desnutricion global,desnutricion grave (g),2005-08-01,3,1,0,0,3,1,4
SUCRE,desnutricion global,desnutricion grave (g),2005-08-01,15,12,4,3,19,15,34
TACACHI,desnutricion global,desnutricion grave (g),2005-08-01,0,1,0,0,0,1,1
TACOBAMBA,desnutricion global,desnutricion grave (g),2005-08-01,2,2,0,0,2,2,4
TACOPAYA,desnutricion global,desnutricion grave (g),2005-08-01,3,3,1,0,4,3,7
TAPACARI,desnutricion global,desnutricion grave (g),2005-08-01,4,1,0,0,4,1,5
TARABUCO,desnutricion global,desnutricion grave (g),2005-08-01,9,14,2,6,11,20,31
TARATA,desnutricion global,desnutricion grave (g),2005-08-01,0,1,0,0,0,1,1
TARIJA,desnutricion global,desnutricion grave (g),2005-08-01,28,22,10,15,38,37,75
TARVITA,desnutricion global,desnutricion grave (g),2005-08-01,2,2,1,0,3,2,5
TEOPONTE,desnutricion global,desnutricion grave (g),2005-08-01,0,0,1,1,1,1,2
TINGUIPAYA,desnutricion global,desnutricion grave (g),2005-08-01,6,5,1,4,7,9,16
TIQUIPAYA,desnutricion global,desnutricion grave (g),2005-08-01,2,2,0,0,2,2,4
TIRAQUE (CBBA),desnutricion global,desnutricion grave (g),2005-08-01,4,3,1,2,5,5,10
TOMAVE,desnutricion global,desnutricion grave (g),2005-08-01,4,1,1,0,5,1,6
TOMINA,desnutricion global,desnutricion grave (g),2005-08-01,3,2,5,5,8,7,15
TORO TORO,desnutricion global,desnutricion grave (g),2005-08-01,4,5,3,1,7,6,13
TOTORA(CBBA),desnutricion global,desnutricion grave (g),2005-08-01,2,0,0,0,2,0,2
TRINIDAD,desnutricion global,desnutricion grave (g),2005-08-01,2,4,2,0,4,4,8
TUPIZA,desnutricion global,desnutricion grave (g),2005-08-01,3,0,0,1,3,1,4
TURCO,desnutricion global,desnutricion grave (g),2005-08-01,0,1,0,0,0,1,1
UMALA,desnutricion global,desnutricion grave (g),2005-08-01,0,0,1,0,1,0,1
UYUNI,desnutricion global,desnutricion grave (g),2005-08-01,1,1,1,1,2,2,4
VACAS,desnutricion global,desnutricion grave (g),2005-08-01,2,0,1,0,3,0,3
VALLEGRANDE,desnutricion global,desnutricion grave (g),2005-08-01,0,0,1,0,1,0,1
VIACHA,desnutricion global,desnutricion grave (g),2005-08-01,1,0,7,1,8,1,9
VILA VILA,desnutricion global,desnutricion grave (g),2005-08-01,0,1,0,0,0,1,1
VILLA MONTES,desnutricion global,desnutricion grave (g),2005-08-01,3,0,0,1,3,1,4
VILLA RIVERO,desnutricion global,desnutricion grave (g),2005-08-01,1,1,0,0,1,1,2
VILLA SERRANO,desnutricion global,desnutricion grave (g),2005-08-01,6,1,0,2,6,3,9
VILLA TUNARI,desnutricion global,desnutricion grave (g),2005-08-01,10,3,6,3,16,6,22
VILLA VACA GUZMAN (MUYUPAMPA),desnutricion global,desnutricion grave (g),2005-08-01,0,0,1,0,1,0,1
VILLAZON,desnutricion global,desnutricion grave (g),2005-08-01,1,1,1,0,2,1,3
VITICHI,desnutricion global,desnutricion grave (g),2005-08-01,2,0,0,0,2,0,2
WARNES,desnutricion global,desnutricion grave (g),2005-08-01,1,4,1,1,2,5,7
YACO,desnutricion global,desnutricion grave (g),2005-08-01,1,1,1,2,2,3,5
YACUIBA,desnutricion global,desnutricion grave (g),2005-08-01,2,5,0,1,2,6,8
YAMPARAEZ,desnutricion global,desnutricion grave (g),2005-08-01,3,4,1,3,4,7,11
YAPACANI,desnutricion global,desnutricion grave (g),2005-08-01,1,1,0,1,1,2,3
YOCALLA,desnutricion global,desnutricion grave (g),2005-08-01,0,1,0,0,0,1,1
YOTALA,desnutricion global,desnutricion grave (g),2005-08-01,3,0,0,0,3,0,3
ZUDAÑEZ,desnutricion global,desnutricion grave (g),2005-08-01,5,7,2,4,7,11,18
ACACIO,desnutricion global,desnutricion grave (g),2005-09-01,1,2,2,0,3,2,5
ACHACACHI,desnutricion global,desnutricion grave (g),2005-09-01,0,0,0,1,0,1,1
AIQUILE,desnutricion global,desnutricion grave (g),2005-09-01,3,1,1,1,4,2,6
ALALAY,desnutricion global,desnutricion grave (g),2005-09-01,0,1,0,0,0,1,1
ALCALA,desnutricion global,desnutricion grave (g),2005-09-01,0,2,0,2,0,4,4
ANCORAIMES,desnutricion global,desnutricion grave (g),2005-09-01,1,0,0,2,1,2,3
ANDAMARCA,desnutricion global,desnutricion grave (g),2005-09-01,0,0,0,1,0,1,1
ANZALDO,desnutricion global,desnutricion grave (g),2005-09-01,1,0,0,0,1,0,1
APOLO,desnutricion global,desnutricion grave (g),2005-09-01,0,2,1,0,1,2,3
ARAMPAMPA,desnutricion global,desnutricion grave (g),2005-09-01,3,1,4,14,7,15,22
ARANI,desnutricion global,desnutricion grave (g),2005-09-01,0,1,0,1,0,2,2
ARQUE,desnutricion global,desnutricion grave (g),2005-09-01,0,1,0,1,0,2,2
ATOCHA,desnutricion global,desnutricion grave (g),2005-09-01,1,3,0,2,1,5,6
AYATA,desnutricion global,desnutricion grave (g),2005-09-01,0,0,1,1,1,1,2
AYO AYO,desnutricion global,desnutricion grave (g),2005-09-01,0,0,0,1,0,1,1
AYOPAYA (V. DE INDEPENDENCIA),desnutricion global,desnutricion grave (g),2005-09-01,2,1,1,0,3,1,4
AZURDUY,desnutricion global,desnutricion grave (g),2005-09-01,5,3,1,5,6,8,14
BELEN DE ANDAMARCA,desnutricion global,desnutricion grave (g),2005-09-01,0,1,0,0,0,1,1
BETANZOS,desnutricion global,desnutricion grave (g),2005-09-01,16,7,1,2,17,9,26
BOLIVAR,desnutricion global,desnutricion grave (g),2005-09-01,5,2,0,1,5,3,8
CABEZAS,desnutricion global,desnutricion grave (g),2005-09-01,0,0,1,2,1,2,3
CAIROMA,desnutricion global,desnutricion grave (g),2005-09-01,4,1,3,3,7,4,11
"CAIZA ""D""",desnutricion global,desnutricion grave (g),2005-09-01,1,0,1,0,2,0,2
CAJUATA,desnutricion global,desnutricion grave (g),2005-09-01,2,0,0,0,2,0,2
CALAMARCA,desnutricion global,desnutricion grave (g),2005-09-01,3,0,1,0,4,0,4
CAMARGO,desnutricion global,desnutricion grave (g),2005-09-01,5,1,0,0,5,1,6
CAMIRI,desnutricion global,desnutricion grave (g),2005-09-01,3,0,2,5,5,5,10
CAPINOTA,desnutricion global,desnutricion grave (g),2005-09-01,6,2,6,6,12,8,20
CAQUIAVIRI,desnutricion global,desnutricion grave (g),2005-09-01,1,0,0,0,1,0,1
CARACOLLO,desnutricion global,desnutricion grave (g),2005-09-01,0,0,0,1,0,1,1
CARANAVI,desnutricion global,desnutricion grave (g),2005-09-01,4,1,2,0,6,1,7
CARAPARI,desnutricion global,desnutricion grave (g),2005-09-01,1,0,0,0,1,0,1
CARIPUYO,desnutricion global,desnutricion grave (g),2005-09-01,3,5,2,1,5,6,11
CHALLAPATA,desnutricion global,desnutricion grave (g),2005-09-01,1,1,0,0,1,1,2
CHAQUI,desnutricion global,desnutricion grave (g),2005-09-01,0,0,0,1,0,1,1
CHARAGUA,desnutricion global,desnutricion grave (g),2005-09-01,0,1,1,3,1,4,5
CHAYANTA,desnutricion global,desnutricion grave (g),2005-09-01,7,3,3,3,10,6,16
CHIMORE,desnutricion global,desnutricion grave (g),2005-09-01,1,1,0,0,1,1,2
CHIPAYA,desnutricion global,desnutricion grave (g),2005-09-01,0,0,2,0,2,0,2
CHULUMANI (V. DE LA LIBERTAD),desnutricion global,desnutricion grave (g),2005-09-01,1,0,0,0,1,0,1
CHUMA,desnutricion global,desnutricion grave (g),2005-09-01,1,0,1,3,2,3,5
COCHABAMBA,desnutricion global,desnutricion grave (g),2005-09-01,1,3,1,0,2,3,5
COLLANA,desnutricion global,desnutricion grave (g),2005-09-01,0,0,1,0,1,0,1
COLOMI,desnutricion global,desnutricion grave (g),2005-09-01,1,1,0,0,1,1,2
COLQUECHACA,desnutricion global,desnutricion grave (g),2005-09-01,3,8,3,7,6,15,21
COLQUIRI,desnutricion global,desnutricion grave (g),2005-09-01,1,0,0,0,1,0,1
COMARAPA,desnutricion global,desnutricion grave (g),2005-09-01,3,1,0,0,3,1,4
COMBAYA,desnutricion global,desnutricion grave (g),2005-09-01,2,0,0,0,2,0,2
CONCEPCION,desnutricion global,desnutricion grave (g),2005-09-01,0,0,0,1,0,1,1
COTAGAITA,desnutricion global,desnutricion grave (g),2005-09-01,6,2,0,1,6,3,9
COTOCA,desnutricion global,desnutricion grave (g),2005-09-01,1,1,0,0,1,1,2
CUATRO CAÑADAS,desnutricion global,desnutricion grave (g),2005-09-01,1,0,1,0,2,0,2
CUEVO,desnutricion global,desnutricion grave (g),2005-09-01,0,1,0,0,0,1,1
CULPINA,desnutricion global,desnutricion grave (g),2005-09-01,4,1,0,0,4,1,5
CURAHUARA DE CARANGAS,desnutricion global,desnutricion grave (g),2005-09-01,1,0,0,0,1,0,1
CURVA,desnutricion global,desnutricion grave (g),2005-09-01,1,0,1,0,2,0,2
EL ALTO,desnutricion global,desnutricion grave (g),2005-09-01,32,22,23,21,55,43,98
EL PUENTE(TJA),desnutricion global,desnutricion grave (g),2005-09-01,0,0,0,1,0,1,1
ENTRE RIOS,desnutricion global,desnutricion grave (g),2005-09-01,1,0,0,1,1,1,2
ENTRE RIOS,desnutricion global,desnutricion grave (g),2005-09-01,0,1,0,3,0,4,4
EUCALIPTUS,desnutricion global,desnutricion grave (g),2005-09-01,1,0,0,1,1,1,2
EUREKA (SANTOS MERCADO),desnutricion global,desnutricion grave (g),2005-09-01,0,1,0,0,0,1,1
FERNANDEZ ALONSO,desnutricion global,desnutricion grave (g),2005-09-01,3,0,0,1,3,1,4
FILADELFIA,desnutricion global,desnutricion grave (g),2005-09-01,0,0,1,0,1,0,1
GENERAL SAAVEDRA,desnutricion global,desnutricion grave (g),2005-09-01,0,1,7,6,7,7,14
GRAL. J.J. PEREZ (CHARAZANI),desnutricion global,desnutricion grave (g),2005-09-01,1,1,0,0,1,1,2
GUANAY,desnutricion global,desnutricion grave (g),2005-09-01,2,1,0,0,2,1,3
GUAQUI,desnutricion global,desnutricion grave (g),2005-09-01,0,1,0,0,0,1,1
GUAYARAMERIN,desnutricion global,desnutricion grave (g),2005-09-01,1,2,0,1,1,3,4
GUTIERREZ,desnutricion global,desnutricion grave (g),2005-09-01,0,3,2,3,2,6,8
HUACAYA (VILLA DE HUACAYA),desnutricion global,desnutricion grave (g),2005-09-01,1,0,0,0,1,0,1
HUANUNI,desnutricion global,desnutricion grave (g),2005-09-01,3,1,0,0,3,1,4
HUAYLLAMARCA,desnutricion global,desnutricion grave (g),2005-09-01,0,0,0,1,0,1,1
ICHOCA,desnutricion global,desnutricion grave (g),2005-09-01,0,1,0,0,0,1,1
ICLA,desnutricion global,desnutricion grave (g),2005-09-01,0,1,0,0,0,1,1
INCAHUASI,desnutricion global,desnutricion grave (g),2005-09-01,6,5,0,2,6,7,13
INQUISIVI,desnutricion global,desnutricion grave (g),2005-09-01,0,0,1,1,1,1,2
IXIAMAS,desnutricion global,desnutricion grave (g),2005-09-01,0,1,0,0,0,1,1
LA ASUNTA,desnutricion global,desnutricion grave (g),2005-09-01,0,2,0,0,0,2,2
LA GUARDIA,desnutricion global,desnutricion grave (g),2005-09-01,1,0,0,0,1,0,1
LA PAZ,desnutricion global,desnutricion grave (g),2005-09-01,14,11,5,1,19,12,31
LAGUNILLAS,desnutricion global,desnutricion grave (g),2005-09-01,1,0,0,0,1,0,1
LAJA,desnutricion global,desnutricion grave (g),2005-09-01,1,0,0,0,1,0,1
LLALLAGUA,desnutricion global,desnutricion grave (g),2005-09-01,5,10,3,2,8,12,20
LURIBAY,desnutricion global,desnutricion grave (g),2005-09-01,1,0,0,1,1,1,2
MACHARETI,desnutricion global,desnutricion grave (g),2005-09-01,0,0,0,1,0,1,1
MAGDALENA,desnutricion global,desnutricion grave (g),2005-09-01,0,2,0,0,0,2,2
MAIRANA,desnutricion global,desnutricion grave (g),2005-09-01,0,0,0,1,0,1,1
MAPIRI,desnutricion global,desnutricion grave (g),2005-09-01,0,1,0,0,0,1,1
MINEROS,desnutricion global,desnutricion grave (g),2005-09-01,1,1,1,1,2,2,4
MIZQUE,desnutricion global,desnutricion grave (g),2005-09-01,1,2,2,1,3,3,6
MOCOMOCO,desnutricion global,desnutricion grave (g),2005-09-01,1,0,1,0,2,0,2
MOJOCOYA,desnutricion global,desnutricion grave (g),2005-09-01,2,0,0,0,2,0,2
MONTEAGUDO,desnutricion global,desnutricion grave (g),2005-09-01,1,1,2,1,3,2,5
MONTERO,desnutricion global,desnutricion grave (g),2005-09-01,7,4,4,0,11,4,15
MOROCHATA,desnutricion global,desnutricion grave (g),2005-09-01,4,3,4,0,8,3,11
OCURI,desnutricion global,desnutricion grave (g),2005-09-01,8,5,6,3,14,8,22
OMEREQUE,desnutricion global,desnutricion grave (g),2005-09-01,0,0,0,1,0,1,1
ORURO,desnutricion global,desnutricion grave (g),2005-09-01,6,6,2,2,8,8,16
PADILLA,desnutricion global,desnutricion grave (g),2005-09-01,1,0,1,2,2,2,4
PALOS BLANCOS,desnutricion global,desnutricion grave (g),2005-09-01,2,3,0,1,2,4,6
PAMPA GRANDE,desnutricion global,desnutricion grave (g),2005-09-01,0,1,0,0,0,1,1
PASORAPA,desnutricion global,desnutricion grave (g),2005-09-01,0,1,0,1,0,2,2
PELECHUCO,desnutricion global,desnutricion grave (g),2005-09-01,0,1,0,1,0,2,2
POCOATA,desnutricion global,desnutricion grave (g),2005-09-01,4,1,4,3,8,4,12
POCONA,desnutricion global,desnutricion grave (g),2005-09-01,0,1,0,0,0,1,1
POJO (CBBA),desnutricion global,desnutricion grave (g),2005-09-01,1,2,3,0,4,2,6
POROMA,desnutricion global,desnutricion grave (g),2005-09-01,5,7,5,3,10,10,20
PORONGO,desnutricion global,desnutricion grave (g),2005-09-01,1,1,0,0,1,1,2
PORVENIR,desnutricion global,desnutricion grave (g),2005-09-01,1,1,0,0,1,1,2
POTOSI,desnutricion global,desnutricion grave (g),2005-09-01,13,10,2,1,15,11,26
PRESTO,desnutricion global,desnutricion grave (g),2005-09-01,2,1,1,0,3,1,4
PUERTO GONZALO MORENO,desnutricion global,desnutricion grave (g),2005-09-01,0,0,0,1,0,1,1
PUERTO RICO,desnutricion global,desnutricion grave (g),2005-09-01,1,0,0,1,1,1,2
PUERTO SILES,desnutricion global,desnutricion grave (g),2005-09-01,2,0,0,0,2,0,2
PUERTO VILLARROEL,desnutricion global,desnutricion grave (g),2005-09-01,1,2,2,1,3,3,6
PUNA,desnutricion global,desnutricion grave (g),2005-09-01,12,10,4,3,16,13,29
PUNATA,desnutricion global,desnutricion grave (g),2005-09-01,1,1,0,0,1,1,2
QUILLACOLLO,desnutricion global,desnutricion grave (g),2005-09-01,6,1,9,4,15,5,20
QUIME,desnutricion global,desnutricion grave (g),2005-09-01,1,0,0,0,1,0,1
RAVELO,desnutricion global,desnutricion grave (g),2005-09-01,13,9,1,5,14,14,28
REYES,desnutricion global,desnutricion grave (g),2005-09-01,2,2,1,0,3,2,5
RIBERALTA,desnutricion global,desnutricion grave (g),2005-09-01,10,23,4,9,14,32,46
SACABA,desnutricion global,desnutricion grave (g),2005-09-01,3,2,1,1,4,3,7
SACABAMBA,desnutricion global,desnutricion grave (g),2005-09-01,3,2,0,0,3,2,5
SACACA,desnutricion global,desnutricion grave (g),2005-09-01,7,5,4,1,11,6,17
SAIPINA,desnutricion global,desnutricion grave (g),2005-09-01,0,1,0,0,0,1,1
SAMAIPATA,desnutricion global,desnutricion grave (g),2005-09-01,0,0,1,1,1,1,2
SAN ANDRES,desnutricion global,desnutricion grave (g),2005-09-01,1,1,1,0,2,1,3
SAN ANTONIO DE LOMERIO,desnutricion global,desnutricion grave (g),2005-09-01,0,1,0,11,0,12,12
SAN BENITO,desnutricion global,desnutricion grave (g),2005-09-01,0,0,2,0,2,0,2
SAN BORJA,desnutricion global,desnutricion grave (g),2005-09-01,6,5,2,3,8,8,16
SAN BUENA VENTURA,desnutricion global,desnutricion grave (g),2005-09-01,0,3,0,0,0,3,3
SAN IGNACIO DE VELASCO,desnutricion global,desnutricion grave (g),2005-09-01,6,7,3,5,9,12,21
SAN JAVIER(BNI),desnutricion global,desnutricion grave (g),2005-09-01,0,0,0,1,0,1,1
SAN JULIAN,desnutricion global,desnutricion grave (g),2005-09-01,0,0,1,0,1,0,1
SAN LORENZO(PND),desnutricion global,desnutricion grave (g),2005-09-01,1,1,0,0,1,1,2
SAN LORENZO(TJA),desnutricion global,desnutricion grave (g),2005-09-01,1,1,1,3,2,4,6
SAN LUCAS,desnutricion global,desnutricion grave (g),2005-09-01,11,4,7,8,18,12,30
SAN PABLO DE LIPEZ,desnutricion global,desnutricion grave (g),2005-09-01,0,0,2,0,2,0,2
SAN PEDRO DE BUENA VISTA,desnutricion global,desnutricion grave (g),2005-09-01,9,11,5,11,14,22,36
SAN RAFAEL,desnutricion global,desnutricion grave (g),2005-09-01,1,0,0,0,1,0,1
SANTA ANA,desnutricion global,desnutricion grave (g),2005-09-01,1,0,1,1,2,1,3
SANTA CRUZ DE LA SIERRA,desnutricion global,desnutricion grave (g),2005-09-01,12,12,6,3,18,15,33
SANTA ROSA DEL SARA,desnutricion global,desnutricion grave (g),2005-09-01,1,0,0,1,1,1,2
SENA,desnutricion global,desnutricion grave (g),2005-09-01,1,1,0,0,1,1,2
SICA SICA (VILLA AROMA),desnutricion global,desnutricion grave (g),2005-09-01,2,2,1,0,3,2,5
SICAYA,desnutricion global,desnutricion grave (g),2005-09-01,2,0,0,0,2,0,2
SIPE SIPE,desnutricion global,desnutricion grave (g),2005-09-01,5,4,0,0,5,4,9
SOPACHUY,desnutricion global,desnutricion grave (g),2005-09-01,2,3,0,2,2,5,7
SORACACHI,desnutricion global,desnutricion grave (g),2005-09-01,1,1,1,0,2,1,3
SUCRE,desnutricion global,desnutricion grave (g),2005-09-01,7,7,2,3,9,10,19
TACOBAMBA,desnutricion global,desnutricion grave (g),2005-09-01,0,1,0,0,0,1,1
TACOPAYA,desnutricion global,desnutricion grave (g),2005-09-01,2,1,0,2,2,3,5
TAPACARI,desnutricion global,desnutricion grave (g),2005-09-01,5,3,2,2,7,5,12
TARABUCO,desnutricion global,desnutricion grave (g),2005-09-01,15,7,7,6,22,13,35
TARATA,desnutricion global,desnutricion grave (g),2005-09-01,1,1,0,0,1,1,2
TARIJA,desnutricion global,desnutricion grave (g),2005-09-01,3,1,0,0,3,1,4
TARVITA,desnutricion global,desnutricion grave (g),2005-09-01,5,2,3,1,8,3,11
TEOPONTE,desnutricion global,desnutricion grave (g),2005-09-01,2,0,1,0,3,0,3
TIAWANACU,desnutricion global,desnutricion grave (g),2005-09-01,0,1,0,0,0,1,1
TINGUIPAYA,desnutricion global,desnutricion grave (g),2005-09-01,12,8,3,4,15,12,27
TIRAQUE (CBBA),desnutricion global,desnutricion grave (g),2005-09-01,0,5,2,4,2,9,11
TOCO,desnutricion global,desnutricion grave (g),2005-09-01,0,0,1,1,1,1,2
TOMAVE,desnutricion global,desnutricion grave (g),2005-09-01,0,1,1,1,1,2,3
TOMINA,desnutricion global,desnutricion grave (g),2005-09-01,1,1,3,2,4,3,7
TORO TORO,desnutricion global,desnutricion grave (g),2005-09-01,2,4,4,0,6,4,10
TOTORA(CBBA),desnutricion global,desnutricion grave (g),2005-09-01,0,0,2,0,2,0,2
TRINIDAD,desnutricion global,desnutricion grave (g),2005-09-01,6,1,2,2,8,3,11
TUPIZA,desnutricion global,desnutricion grave (g),2005-09-01,1,0,1,1,2,1,3
UNCIA,desnutricion global,desnutricion grave (g),2005-09-01,2,2,2,5,4,7,11
URIONDO (A. CONCEPCION),desnutricion global,desnutricion grave (g),2005-09-01,1,0,0,0,1,0,1
UYUNI,desnutricion global,desnutricion grave (g),2005-09-01,0,2,1,0,1,2,3
VACAS,desnutricion global,desnutricion grave (g),2005-09-01,0,0,1,0,1,0,1
VALLEGRANDE,desnutricion global,desnutricion grave (g),2005-09-01,0,3,1,1,1,4,5
VIACHA,desnutricion global,desnutricion grave (g),2005-09-01,2,1,0,0,2,1,3
VILA VILA,desnutricion global,desnutricion grave (g),2005-09-01,0,1,1,0,1,1,2
VILLA MONTES,desnutricion global,desnutricion grave (g),2005-09-01,1,2,0,0,1,2,3
VILLA NUEVA (LOMA ALTA),desnutricion global,desnutricion grave (g),2005-09-01,0,0,1,0,1,0,1
VILLA RIVERO,desnutricion global,desnutricion grave (g),2005-09-01,0,1,1,1,1,2,3
VILLA SERRANO,desnutricion global,desnutricion grave (g),2005-09-01,3,0,0,1,3,1,4
VILLA TUNARI,desnutricion global,desnutricion grave (g),2005-09-01,8,7,1,0,9,7,16
VILLAZON,desnutricion global,desnutricion grave (g),2005-09-01,1,2,1,0,2,2,4
VINTO,desnutricion global,desnutricion grave (g),2005-09-01,0,1,0,0,0,1,1
VITICHI,desnutricion global,desnutricion grave (g),2005-09-01,1,1,4,4,5,5,10
WARNES,desnutricion global,desnutricion grave (g),2005-09-01,0,8,2,0,2,8,10
YACO,desnutricion global,desnutricion grave (g),2005-09-01,2,0,1,1,3,1,4
YACUIBA,desnutricion global,desnutricion grave (g),2005-09-01,10,1,0,2,10,3,13
YAMPARAEZ,desnutricion global,desnutricion grave (g),2005-09-01,2,2,0,3,2,5,7
YAPACANI,desnutricion global,desnutricion grave (g),2005-09-01,2,4,1,2,3,6,9
YOCALLA,desnutricion global,desnutricion grave (g),2005-09-01,2,0,0,0,2,0,2
YOTALA,desnutricion global,desnutricion grave (g),2005-09-01,1,1,1,0,2,1,3
YUNCHARA,desnutricion global,desnutricion grave (g),2005-09-01,1,1,0,0,1,1,2
ZUDAÑEZ,desnutricion global,desnutricion grave (g),2005-09-01,1,1,1,3,2,4,6
ACACIO,desnutricion global,desnutricion grave (g),2005-10-01,1,3,1,1,2,4,6
AIQUILE,desnutricion global,desnutricion grave (g),2005-10-01,0,0,1,3,1,3,4
ALALAY,desnutricion global,desnutricion grave (g),2005-10-01,0,1,0,0,0,1,1
ALCALA,desnutricion global,desnutricion grave (g),2005-10-01,0,1,0,0,0,1,1
ANCORAIMES,desnutricion global,desnutricion grave (g),2005-10-01,1,0,0,2,1,2,3
ANDAMARCA,desnutricion global,desnutricion grave (g),2005-10-01,1,0,1,0,2,0,2
ANZALDO,desnutricion global,desnutricion grave (g),2005-10-01,1,0,0,0,1,0,1
ARAMPAMPA,desnutricion global,desnutricion grave (g),2005-10-01,2,3,2,0,4,3,7
ARANI,desnutricion global,desnutricion grave (g),2005-10-01,2,1,0,0,2,1,3
ARBIETO,desnutricion global,desnutricion grave (g),2005-10-01,0,1,0,1,0,2,2
ARQUE,desnutricion global,desnutricion grave (g),2005-10-01,5,3,1,3,6,6,12
ASCENCION DE GUARAYOS,desnutricion global,desnutricion grave (g),2005-10-01,6,1,2,0,8,1,9
ATOCHA,desnutricion global,desnutricion grave (g),2005-10-01,1,1,0,0,1,1,2
AUCAPATA,desnutricion global,desnutricion grave (g),2005-10-01,1,0,1,0,2,0,2
AYATA,desnutricion global,desnutricion grave (g),2005-10-01,1,0,0,0,1,0,1
AYO AYO,desnutricion global,desnutricion grave (g),2005-10-01,1,0,0,0,1,0,1
AYOPAYA (V. DE INDEPENDENCIA),desnutricion global,desnutricion grave (g),2005-10-01,5,5,1,3,6,8,14
AZURDUY,desnutricion global,desnutricion grave (g),2005-10-01,3,4,2,1,5,5,10
BAURES,desnutricion global,desnutricion grave (g),2005-10-01,0,0,1,0,1,0,1
BELEN DE ANDAMARCA,desnutricion global,desnutricion grave (g),2005-10-01,0,2,0,0,0,2,2
BELLA FLOR,desnutricion global,desnutricion grave (g),2005-10-01,0,1,0,1,0,2,2
BETANZOS,desnutricion global,desnutricion grave (g),2005-10-01,8,8,2,4,10,12,22
BOLIVAR,desnutricion global,desnutricion grave (g),2005-10-01,3,1,1,1,4,2,6
BUENA VISTA,desnutricion global,desnutricion grave (g),2005-10-01,0,1,1,0,1,1,2
CABEZAS,desnutricion global,desnutricion grave (g),2005-10-01,0,1,0,2,0,3,3
CAIROMA,desnutricion global,desnutricion grave (g),2005-10-01,5,2,3,0,8,2,10
CAJUATA,desnutricion global,desnutricion grave (g),2005-10-01,1,0,0,0,1,0,1
CALACOTO,desnutricion global,desnutricion grave (g),2005-10-01,0,0,1,1,1,1,2
CALAMARCA,desnutricion global,desnutricion grave (g),2005-10-01,3,1,0,1,3,2,5
CAMARGO,desnutricion global,desnutricion grave (g),2005-10-01,7,5,1,1,8,6,14
CAMIRI,desnutricion global,desnutricion grave (g),2005-10-01,0,1,1,1,1,2,3
CAPINOTA,desnutricion global,desnutricion grave (g),2005-10-01,1,2,0,1,1,3,4
CAQUIAVIRI,desnutricion global,desnutricion grave (g),2005-10-01,1,0,0,0,1,0,1
CARACOLLO,desnutricion global,desnutricion grave (g),2005-10-01,1,0,0,0,1,0,1
CARANAVI,desnutricion global,desnutricion grave (g),2005-10-01,1,4,2,0,3,4,7
CARIPUYO,desnutricion global,desnutricion grave (g),2005-10-01,6,10,5,9,11,19,30
CHACARILLA,desnutricion global,desnutricion grave (g),2005-10-01,0,1,0,0,0,1,1
CHALLAPATA,desnutricion global,desnutricion grave (g),2005-10-01,8,0,0,1,8,1,9
CHAQUI,desnutricion global,desnutricion grave (g),2005-10-01,0,0,2,1,2,1,3
CHARAGUA,desnutricion global,desnutricion grave (g),2005-10-01,3,1,0,2,3,3,6
CHAYANTA,desnutricion global,desnutricion grave (g),2005-10-01,3,6,2,0,5,6,11
CHIPAYA,desnutricion global,desnutricion grave (g),2005-10-01,1,0,2,0,3,0,3
CHULUMANI (V. DE LA LIBERTAD),desnutricion global,desnutricion grave (g),2005-10-01,0,1,0,1,0,2,2
CHUMA,desnutricion global,desnutricion grave (g),2005-10-01,1,0,0,0,1,0,1
CLIZA,desnutricion global,desnutricion grave (g),2005-10-01,3,0,1,1,4,1,5
COBIJA,desnutricion global,desnutricion grave (g),2005-10-01,1,1,0,0,1,1,2
COCHABAMBA,desnutricion global,desnutricion grave (g),2005-10-01,11,6,4,5,15,11,26
COLCAPIRHUA,desnutricion global,desnutricion grave (g),2005-10-01,0,0,1,2,1,2,3
COLLANA,desnutricion global,desnutricion grave (g),2005-10-01,1,0,2,0,3,0,3
COLOMI,desnutricion global,desnutricion grave (g),2005-10-01,0,1,0,0,0,1,1
COLPA BELGICA,desnutricion global,desnutricion grave (g),2005-10-01,1,0,0,0,1,0,1
COLQUECHACA,desnutricion global,desnutricion grave (g),2005-10-01,7,5,5,6,12,11,23
COLQUENCHA,desnutricion global,desnutricion grave (g),2005-10-01,0,1,0,0,0,1,1
COLQUIRI,desnutricion global,desnutricion grave (g),2005-10-01,1,0,2,0,3,0,3
COMANCHE,desnutricion global,desnutricion grave (g),2005-10-01,1,0,0,0,1,0,1
COMARAPA,desnutricion global,desnutricion grave (g),2005-10-01,0,0,1,0,1,0,1
COMBAYA,desnutricion global,desnutricion grave (g),2005-10-01,1,0,0,0,1,0,1
COPACABANA,desnutricion global,desnutricion grave (g),2005-10-01,0,2,0,0,0,2,2
CORIPATA,desnutricion global,desnutricion grave (g),2005-10-01,0,1,0,0,0,1,1
COROICO,desnutricion global,desnutricion grave (g),2005-10-01,0,1,0,0,0,1,1
CORQUE,desnutricion global,desnutricion grave (g),2005-10-01,0,1,0,0,0,1,1
COTAGAITA,desnutricion global,desnutricion grave (g),2005-10-01,6,3,3,1,9,4,13
CUATRO CAÑADAS,desnutricion global,desnutricion grave (g),2005-10-01,2,0,1,0,3,0,3
CUCHUMUELA (V. G. VILLARROEL),desnutricion global,desnutricion grave (g),2005-10-01,1,0,0,0,1,0,1
CULPINA,desnutricion global,desnutricion grave (g),2005-10-01,2,2,0,5,2,7,9
DESAGUADERO,desnutricion global,desnutricion grave (g),2005-10-01,0,2,1,0,1,2,3
EL ALTO,desnutricion global,desnutricion grave (g),2005-10-01,36,30,26,13,62,43,105
EL PUENTE(STC),desnutricion global,desnutricion grave (g),2005-10-01,1,0,1,0,2,0,2
EL PUENTE(TJA),desnutricion global,desnutricion grave (g),2005-10-01,1,0,0,1,1,1,2
ENTRE RIOS,desnutricion global,desnutricion grave (g),2005-10-01,1,0,0,1,1,1,2
ENTRE RIOS,desnutricion global,desnutricion grave (g),2005-10-01,0,1,0,1,0,2,2
EUCALIPTUS,desnutricion global,desnutricion grave (g),2005-10-01,1,0,0,0,1,0,1
EXALTACION,desnutricion global,desnutricion grave (g),2005-10-01,0,0,1,0,1,0,1
FERNANDEZ ALONSO,desnutricion global,desnutricion grave (g),2005-10-01,1,0,0,0,1,0,1
GENERAL SAAVEDRA,desnutricion global,desnutricion grave (g),2005-10-01,4,3,0,0,4,3,7
GRAL. J.J. PEREZ (CHARAZANI),desnutricion global,desnutricion grave (g),2005-10-01,1,1,1,3,2,4,6
GUAYARAMERIN,desnutricion global,desnutricion grave (g),2005-10-01,1,0,1,1,2,1,3
GUTIERREZ,desnutricion global,desnutricion grave (g),2005-10-01,5,0,3,1,8,1,9
HUACARETA,desnutricion global,desnutricion grave (g),2005-10-01,2,3,2,0,4,3,7
HUANUNI,desnutricion global,desnutricion grave (g),2005-10-01,2,0,0,2,2,2,4
ICLA,desnutricion global,desnutricion grave (g),2005-10-01,4,4,1,3,5,7,12
INCAHUASI,desnutricion global,desnutricion grave (g),2005-10-01,10,6,0,3,10,9,19
IRUPANA (VILLA DE LANZA),desnutricion global,desnutricion grave (g),2005-10-01,1,0,0,0,1,0,1
IXIAMAS,desnutricion global,desnutricion grave (g),2005-10-01,0,1,0,0,0,1,1
JESUS DE MACHACA,desnutricion global,desnutricion grave (g),2005-10-01,1,0,0,0,1,0,1
LA ASUNTA,desnutricion global,desnutricion grave (g),2005-10-01,0,0,1,0,1,0,1
LA GUARDIA,desnutricion global,desnutricion grave (g),2005-10-01,0,1,1,1,1,2,3
LA PAZ,desnutricion global,desnutricion grave (g),2005-10-01,13,8,5,10,18,18,36
LAGUNILLAS,desnutricion global,desnutricion grave (g),2005-10-01,1,0,0,0,1,0,1
LAJA,desnutricion global,desnutricion grave (g),2005-10-01,1,0,0,0,1,0,1
LICOMA PAMPA,desnutricion global,desnutricion grave (g),2005-10-01,1,0,0,0,1,0,1
LLALLAGUA,desnutricion global,desnutricion grave (g),2005-10-01,3,2,2,1,5,3,8
LURIBAY,desnutricion global,desnutricion grave (g),2005-10-01,2,1,0,2,2,3,5
MACHACAMARCA,desnutricion global,desnutricion grave (g),2005-10-01,1,0,0,0,1,0,1
MACHARETI,desnutricion global,desnutricion grave (g),2005-10-01,0,0,0,1,0,1,1
MAGDALENA,desnutricion global,desnutricion grave (g),2005-10-01,0,1,0,0,0,1,1
MALLA,desnutricion global,desnutricion grave (g),2005-10-01,0,1,1,0,1,1,2
MAPIRI,desnutricion global,desnutricion grave (g),2005-10-01,0,2,0,1,0,3,3
MINEROS,desnutricion global,desnutricion grave (g),2005-10-01,2,2,1,0,3,2,5
MIZQUE,desnutricion global,desnutricion grave (g),2005-10-01,3,4,3,1,6,5,11
MOCOMOCO,desnutricion global,desnutricion grave (g),2005-10-01,0,1,0,0,0,1,1
MOJOCOYA,desnutricion global,desnutricion grave (g),2005-10-01,1,0,1,0,2,0,2
MONTEAGUDO,desnutricion global,desnutricion grave (g),2005-10-01,1,4,0,3,1,7,8
MONTERO,desnutricion global,desnutricion grave (g),2005-10-01,7,5,4,5,11,10,21
MORO MORO,desnutricion global,desnutricion grave (g),2005-10-01,0,0,1,1,1,1,2
MOROCHATA,desnutricion global,desnutricion grave (g),2005-10-01,0,2,2,1,2,3,5
NUEVO MANOA (NUEVA ESPERANZA),desnutricion global,desnutricion grave (g),2005-10-01,0,0,1,0,1,0,1
OCURI,desnutricion global,desnutricion grave (g),2005-10-01,4,4,1,3,5,7,12
OMEREQUE,desnutricion global,desnutricion grave (g),2005-10-01,0,1,0,0,0,1,1
ORURO,desnutricion global,desnutricion grave (g),2005-10-01,3,14,4,3,7,17,24
PADCAYA,desnutricion global,desnutricion grave (g),2005-10-01,2,0,0,0,2,0,2
PADILLA,desnutricion global,desnutricion grave (g),2005-10-01,0,0,0,2,0,2,2
PALCA,desnutricion global,desnutricion grave (g),2005-10-01,1,0,0,0,1,0,1
PALOS BLANCOS,desnutricion global,desnutricion grave (g),2005-10-01,3,2,3,1,6,3,9
PAMPA AULLAGAS,desnutricion global,desnutricion grave (g),2005-10-01,1,0,0,0,1,0,1
PAMPA GRANDE,desnutricion global,desnutricion grave (g),2005-10-01,1,1,0,0,1,1,2
PELECHUCO,desnutricion global,desnutricion grave (g),2005-10-01,0,1,0,1,0,2,2
POCOATA,desnutricion global,desnutricion grave (g),2005-10-01,4,5,2,7,6,12,18
POCONA,desnutricion global,desnutricion grave (g),2005-10-01,2,1,0,1,2,2,4
PORCO,desnutricion global,desnutricion grave (g),2005-10-01,1,1,0,0,1,1,2
POROMA,desnutricion global,desnutricion grave (g),2005-10-01,6,2,1,1,7,3,10
PORTACHUELO,desnutricion global,desnutricion grave (g),2005-10-01,0,1,0,0,0,1,1
PORVENIR,desnutricion global,desnutricion grave (g),2005-10-01,0,1,0,0,0,1,1
POTOSI,desnutricion global,desnutricion grave (g),2005-10-01,6,6,1,7,7,13,20
PRESTO,desnutricion global,desnutricion grave (g),2005-10-01,0,6,2,3,2,9,11
PUCARANI,desnutricion global,desnutricion grave (g),2005-10-01,0,1,1,0,1,1,2
PUERTO CARABUCO,desnutricion global,desnutricion grave (g),2005-10-01,1,0,1,0,2,0,2
PUERTO GONZALO MORENO,desnutricion global,desnutricion grave (g),2005-10-01,1,0,0,0,1,0,1
PUERTO RICO,desnutricion global,desnutricion grave (g),2005-10-01,0,0,0,1,0,1,1
PUERTO SUAREZ,desnutricion global,desnutricion grave (g),2005-10-01,2,1,0,2,2,3,5
PUERTO VILLARROEL,desnutricion global,desnutricion grave (g),2005-10-01,3,10,5,1,8,11,19
PUNA,desnutricion global,desnutricion grave (g),2005-10-01,8,7,5,0,13,7,20
QUILLACOLLO,desnutricion global,desnutricion grave (g),2005-10-01,4,1,4,5,8,6,14
RAVELO,desnutricion global,desnutricion grave (g),2005-10-01,8,9,4,4,12,13,25
REYES,desnutricion global,desnutricion grave (g),2005-10-01,1,1,0,0,1,1,2
RIBERALTA,desnutricion global,desnutricion grave (g),2005-10-01,13,31,4,18,17,49,66
SACABA,desnutricion global,desnutricion grave (g),2005-10-01,2,0,0,1,2,1,3
SACABAMBA,desnutricion global,desnutricion grave (g),2005-10-01,0,1,0,1,0,2,2
SACACA,desnutricion global,desnutricion grave (g),2005-10-01,7,4,4,4,11,8,19
SALINAS DE GARCI MENDOZA,desnutricion global,desnutricion grave (g),2005-10-01,2,1,0,0,2,1,3
SAMAIPATA,desnutricion global,desnutricion grave (g),2005-10-01,1,2,0,1,1,3,4
SAN ANTONIO DE LOMERIO,desnutricion global,desnutricion grave (g),2005-10-01,0,1,0,0,0,1,1
SAN BORJA,desnutricion global,desnutricion grave (g),2005-10-01,2,1,6,4,8,5,13
SAN BUENA VENTURA,desnutricion global,desnutricion grave (g),2005-10-01,0,1,0,0,0,1,1
SAN CARLOS,desnutricion global,desnutricion grave (g),2005-10-01,1,0,0,0,1,0,1
SAN IGNACIO,desnutricion global,desnutricion grave (g),2005-10-01,0,1,0,2,0,3,3
SAN IGNACIO DE VELASCO,desnutricion global,desnutricion grave (g),2005-10-01,7,8,1,7,8,15,23
SAN JAVIER(STC),desnutricion global,desnutricion grave (g),2005-10-01,0,2,0,0,0,2,2
SAN JOAQUIN,desnutricion global,desnutricion grave (g),2005-10-01,1,0,0,0,1,0,1
SAN JULIAN,desnutricion global,desnutricion grave (g),2005-10-01,3,0,1,0,4,0,4
SAN LORENZO(PND),desnutricion global,desnutricion grave (g),2005-10-01,1,0,0,0,1,0,1
SAN LORENZO(TJA),desnutricion global,desnutricion grave (g),2005-10-01,2,1,1,1,3,2,5
SAN LUCAS,desnutricion global,desnutricion grave (g),2005-10-01,15,4,7,7,22,11,33
SAN MIGUEL DE VELASCO,desnutricion global,desnutricion grave (g),2005-10-01,2,0,0,1,2,1,3
SAN PEDRO,desnutricion global,desnutricion grave (g),2005-10-01,0,1,0,0,0,1,1
SAN PEDRO DE BUENA VISTA,desnutricion global,desnutricion grave (g),2005-10-01,9,9,3,10,12,19,31
SAN PEDRO DE CURAHUARA,desnutricion global,desnutricion grave (g),2005-10-01,0,1,0,0,0,1,1
SAN PEDRO DE TIQUINA,desnutricion global,desnutricion grave (g),2005-10-01,1,0,0,0,1,0,1
SAN PEDRO(PND),desnutricion global,desnutricion grave (g),2005-10-01,0,1,0,0,0,1,1
SAN RAFAEL,desnutricion global,desnutricion grave (g),2005-10-01,1,0,0,0,1,0,1
SANTA ANA,desnutricion global,desnutricion grave (g),2005-10-01,0,0,1,0,1,0,1
SANTA CRUZ DE LA SIERRA,desnutricion global,desnutricion grave (g),2005-10-01,17,21,3,7,20,28,48
SANTA ROSA,desnutricion global,desnutricion grave (g),2005-10-01,0,0,1,1,1,1,2
SANTIAGO DE CALLAPA,desnutricion global,desnutricion grave (g),2005-10-01,0,0,0,3,0,3,3
SANTIAGO DE MACHACA,desnutricion global,desnutricion grave (g),2005-10-01,0,1,0,0,0,1,1
SENA,desnutricion global,desnutricion grave (g),2005-10-01,0,1,0,0,0,1,1
SICA SICA (VILLA AROMA),desnutricion global,desnutricion grave (g),2005-10-01,0,0,0,2,0,2,2
SICAYA,desnutricion global,desnutricion grave (g),2005-10-01,2,1,0,0,2,1,3
SIPE SIPE,desnutricion global,desnutricion grave (g),2005-10-01,3,1,0,0,3,1,4
SOPACHUY,desnutricion global,desnutricion grave (g),2005-10-01,2,5,1,3,3,8,11
SORACACHI,desnutricion global,desnutricion grave (g),2005-10-01,0,0,2,1,2,1,3
SUCRE,desnutricion global,desnutricion grave (g),2005-10-01,12,4,1,7,13,11,24
TACOPAYA,desnutricion global,desnutricion grave (g),2005-10-01,1,5,0,0,1,5,6
TAPACARI,desnutricion global,desnutricion grave (g),2005-10-01,3,7,0,2,3,9,12
TARABUCO,desnutricion global,desnutricion grave (g),2005-10-01,11,10,3,4,14,14,28
TARATA,desnutricion global,desnutricion grave (g),2005-10-01,1,1,0,0,1,1,2
TARIJA,desnutricion global,desnutricion grave (g),2005-10-01,3,4,1,3,4,7,11
TARVITA,desnutricion global,desnutricion grave (g),2005-10-01,1,1,0,0,1,1,2
TEOPONTE,desnutricion global,desnutricion grave (g),2005-10-01,1,0,0,1,1,1,2
TINGUIPAYA,desnutricion global,desnutricion grave (g),2005-10-01,3,10,4,5,7,15,22
TIPUANI,desnutricion global,desnutricion grave (g),2005-10-01,1,0,0,0,1,0,1
TIQUIPAYA,desnutricion global,desnutricion grave (g),2005-10-01,3,2,0,0,3,2,5
TIRAQUE (CBBA),desnutricion global,desnutricion grave (g),2005-10-01,2,7,1,0,3,7,10
TOCO,desnutricion global,desnutricion grave (g),2005-10-01,0,1,0,0,0,1,1
TOMAVE,desnutricion global,desnutricion grave (g),2005-10-01,2,0,0,1,2,1,3
TOMINA,desnutricion global,desnutricion grave (g),2005-10-01,1,0,0,1,1,1,2
TORO TORO,desnutricion global,desnutricion grave (g),2005-10-01,5,4,1,1,6,5,11
TOTORA(CBBA),desnutricion global,desnutricion grave (g),2005-10-01,2,1,2,1,4,2,6
TOTORA(ORR),desnutricion global,desnutricion grave (g),2005-10-01,0,0,1,0,1,0,1
TRINIDAD,desnutricion global,desnutricion grave (g),2005-10-01,5,1,1,0,6,1,7
TUPIZA,desnutricion global,desnutricion grave (g),2005-10-01,3,0,0,0,3,0,3
UMALA,desnutricion global,desnutricion grave (g),2005-10-01,0,0,0,1,0,1,1
UNCIA,desnutricion global,desnutricion grave (g),2005-10-01,2,0,0,2,2,2,4
URUBICHA,desnutricion global,desnutricion grave (g),2005-10-01,1,2,0,1,1,3,4
VACAS,desnutricion global,desnutricion grave (g),2005-10-01,4,0,1,0,5,0,5
VALLEGRANDE,desnutricion global,desnutricion grave (g),2005-10-01,0,3,1,0,1,3,4
VIACHA,desnutricion global,desnutricion grave (g),2005-10-01,1,0,1,1,2,1,3
VILA VILA,desnutricion global,desnutricion grave (g),2005-10-01,5,0,1,1,6,1,7
VILLA MONTES,desnutricion global,desnutricion grave (g),2005-10-01,3,0,0,1,3,1,4
VILLA SERRANO,desnutricion global,desnutricion grave (g),2005-10-01,9,2,0,2,9,4,13
VILLA TUNARI,desnutricion global,desnutricion grave (g),2005-10-01,2,7,5,4,7,11,18
VITICHI,desnutricion global,desnutricion grave (g),2005-10-01,0,2,0,0,0,2,2
WARNES,desnutricion global,desnutricion grave (g),2005-10-01,0,1,1,0,1,1,2
YACO,desnutricion global,desnutricion grave (g),2005-10-01,1,1,0,0,1,1,2
YACUIBA,desnutricion global,desnutricion grave (g),2005-10-01,1,1,2,3,3,4,7
YAMPARAEZ,desnutricion global,desnutricion grave (g),2005-10-01,5,3,0,2,5,5,10
YANACACHI,desnutricion global,desnutricion grave (g),2005-10-01,2,0,0,0,2,0,2
YAPACANI,desnutricion global,desnutricion grave (g),2005-10-01,0,1,1,1,1,2,3
YOTALA,desnutricion global,desnutricion grave (g),2005-10-01,2,1,1,0,3,1,4
YUNCHARA,desnutricion global,desnutricion grave (g),2005-10-01,1,1,0,0,1,1,2
ZUDAÑEZ,desnutricion global,desnutricion grave (g),2005-10-01,2,0,2,2,4,2,6
ACACIO,desnutricion global,desnutricion grave (g),2005-11-01,4,5,2,3,6,8,14
ACHACACHI,desnutricion global,desnutricion grave (g),2005-11-01,0,1,0,0,0,1,1
AIQUILE,desnutricion global,desnutricion grave (g),2005-11-01,0,0,1,1,1,1,2
ALALAY,desnutricion global,desnutricion grave (g),2005-11-01,0,1,0,0,0,1,1
ALCALA,desnutricion global,desnutricion grave (g),2005-11-01,0,1,0,2,0,3,3
ANCORAIMES,desnutricion global,desnutricion grave (g),2005-11-01,2,0,1,1,3,1,4
ANDAMARCA,desnutricion global,desnutricion grave (g),2005-11-01,0,1,0,0,0,1,1
ANZALDO,desnutricion global,desnutricion grave (g),2005-11-01,1,0,0,0,1,0,1
APOLO,desnutricion global,desnutricion grave (g),2005-11-01,0,0,0,1,0,1,1
ARAMPAMPA,desnutricion global,desnutricion grave (g),2005-11-01,3,1,14,10,17,11,28
ARANI,desnutricion global,desnutricion grave (g),2005-11-01,0,0,0,1,0,1,1
ARBIETO,desnutricion global,desnutricion grave (g),2005-11-01,0,1,0,0,0,1,1
ARQUE,desnutricion global,desnutricion grave (g),2005-11-01,3,0,0,0,3,0,3
ATOCHA,desnutricion global,desnutricion grave (g),2005-11-01,0,1,0,0,0,1,1
AYATA,desnutricion global,desnutricion grave (g),2005-11-01,0,2,1,0,1,2,3
AYO AYO,desnutricion global,desnutricion grave (g),2005-11-01,0,2,0,0,0,2,2
AYOPAYA (V. DE INDEPENDENCIA),desnutricion global,desnutricion grave (g),2005-11-01,0,6,1,1,1,7,8
AZURDUY,desnutricion global,desnutricion grave (g),2005-11-01,3,6,2,2,5,8,13
BATALLAS,desnutricion global,desnutricion grave (g),2005-11-01,0,1,1,0,1,1,2
BAURES,desnutricion global,desnutricion grave (g),2005-11-01,0,1,0,0,0,1,1
BETANZOS,desnutricion global,desnutricion grave (g),2005-11-01,8,9,3,7,11,16,27
BOLIVAR,desnutricion global,desnutricion grave (g),2005-11-01,5,2,3,1,8,3,11
CABEZAS,desnutricion global,desnutricion grave (g),2005-11-01,0,0,1,1,1,1,2
CAIROMA,desnutricion global,desnutricion grave (g),2005-11-01,3,2,1,0,4,2,6
"CAIZA ""D""",desnutricion global,desnutricion grave (g),2005-11-01,2,0,0,0,2,0,2
CAJUATA,desnutricion global,desnutricion grave (g),2005-11-01,1,0,0,0,1,0,1
CALAMARCA,desnutricion global,desnutricion grave (g),2005-11-01,4,0,1,0,5,0,5
CAMARGO,desnutricion global,desnutricion grave (g),2005-11-01,5,0,0,0,5,0,5
CAMIRI,desnutricion global,desnutricion grave (g),2005-11-01,4,1,3,4,7,5,12
CAPINOTA,desnutricion global,desnutricion grave (g),2005-11-01,0,0,0,1,0,1,1
CAQUIAVIRI,desnutricion global,desnutricion grave (g),2005-11-01,1,0,0,0,1,0,1
CARANAVI,desnutricion global,desnutricion grave (g),2005-11-01,9,1,1,4,10,5,15
CARIPUYO,desnutricion global,desnutricion grave (g),2005-11-01,7,10,4,4,11,14,25
CHACARILLA,desnutricion global,desnutricion grave (g),2005-11-01,0,1,0,0,0,1,1
CHALLAPATA,desnutricion global,desnutricion grave (g),2005-11-01,5,1,0,0,5,1,6
CHAQUI,desnutricion global,desnutricion grave (g),2005-11-01,0,0,2,3,2,3,5
CHARAGUA,desnutricion global,desnutricion grave (g),2005-11-01,2,1,1,2,3,3,6
CHAYANTA,desnutricion global,desnutricion grave (g),2005-11-01,2,3,0,0,2,3,5
CHIMORE,desnutricion global,desnutricion grave (g),2005-11-01,0,0,0,2,0,2,2
CHULUMANI (V. DE LA LIBERTAD),desnutricion global,desnutricion grave (g),2005-11-01,1,2,0,0,1,2,3
CHUMA,desnutricion global,desnutricion grave (g),2005-11-01,1,2,1,0,2,2,4
CLIZA,desnutricion global,desnutricion grave (g),2005-11-01,5,0,1,1,6,1,7
COBIJA,desnutricion global,desnutricion grave (g),2005-11-01,2,0,0,0,2,0,2
COCHABAMBA,desnutricion global,desnutricion grave (g),2005-11-01,12,11,7,5,19,16,35
COLCAPIRHUA,desnutricion global,desnutricion grave (g),2005-11-01,0,0,1,1,1,1,2
COLOMI,desnutricion global,desnutricion grave (g),2005-11-01,4,2,1,0,5,2,7
COLQUECHACA,desnutricion global,desnutricion grave (g),2005-11-01,7,7,5,18,12,25,37
COLQUIRI,desnutricion global,desnutricion grave (g),2005-11-01,0,0,0,1,0,1,1
COMARAPA,desnutricion global,desnutricion grave (g),2005-11-01,0,2,1,0,1,2,3
COMBAYA,desnutricion global,desnutricion grave (g),2005-11-01,2,0,0,0,2,0,2
COPACABANA,desnutricion global,desnutricion grave (g),2005-11-01,0,0,0,1,0,1,1
CORO CORO,desnutricion global,desnutricion grave (g),2005-11-01,0,1,0,0,0,1,1
COTAGAITA,desnutricion global,desnutricion grave (g),2005-11-01,4,5,3,2,7,7,14
CUATRO CAÑADAS,desnutricion global,desnutricion grave (g),2005-11-01,4,0,0,1,4,1,5
CULPINA,desnutricion global,desnutricion grave (g),2005-11-01,2,3,2,2,4,5,9
EL ALTO,desnutricion global,desnutricion grave (g),2005-11-01,40,23,18,24,58,47,105
EL PUENTE(STC),desnutricion global,desnutricion grave (g),2005-11-01,1,0,0,1,1,1,2
EL PUENTE(TJA),desnutricion global,desnutricion grave (g),2005-11-01,0,1,0,1,0,2,2
EL TORNO,desnutricion global,desnutricion grave (g),2005-11-01,1,0,0,1,1,1,2
EL VILLAR,desnutricion global,desnutricion grave (g),2005-11-01,1,1,0,1,1,2,3
ENTRE RIOS,desnutricion global,desnutricion grave (g),2005-11-01,2,1,1,0,3,1,4
ENTRE RIOS,desnutricion global,desnutricion grave (g),2005-11-01,1,1,0,0,1,1,2
EUCALIPTUS,desnutricion global,desnutricion grave (g),2005-11-01,0,0,1,1,1,1,2
EUREKA (SANTOS MERCADO),desnutricion global,desnutricion grave (g),2005-11-01,0,1,0,1,0,2,2
EXALTACION,desnutricion global,desnutricion grave (g),2005-11-01,0,0,1,0,1,0,1
FERNANDEZ ALONSO,desnutricion global,desnutricion grave (g),2005-11-01,2,1,0,0,2,1,3
FILADELFIA,desnutricion global,desnutricion grave (g),2005-11-01,0,0,1,0,1,0,1
GENERAL SAAVEDRA,desnutricion global,desnutricion grave (g),2005-11-01,1,0,0,0,1,0,1
GRAL. J.J. PEREZ (CHARAZANI),desnutricion global,desnutricion grave (g),2005-11-01,0,1,0,1,0,2,2
GUANAY,desnutricion global,desnutricion grave (g),2005-11-01,1,0,0,0,1,0,1
GUAYARAMERIN,desnutricion global,desnutricion grave (g),2005-11-01,3,4,0,3,3,7,10
GUTIERREZ,desnutricion global,desnutricion grave (g),2005-11-01,3,0,1,1,4,1,5
HUACARETA,desnutricion global,desnutricion grave (g),2005-11-01,0,0,2,0,2,0,2
HUANUNI,desnutricion global,desnutricion grave (g),2005-11-01,1,1,0,0,1,1,2
HUARACAJE,desnutricion global,desnutricion grave (g),2005-11-01,1,0,0,0,1,0,1
ICLA,desnutricion global,desnutricion grave (g),2005-11-01,9,4,3,2,12,6,18
INCAHUASI,desnutricion global,desnutricion grave (g),2005-11-01,5,1,3,10,8,11,19
INQUISIVI,desnutricion global,desnutricion grave (g),2005-11-01,1,0,0,0,1,0,1
IRUPANA (VILLA DE LANZA),desnutricion global,desnutricion grave (g),2005-11-01,0,1,0,0,0,1,1
IXIAMAS,desnutricion global,desnutricion grave (g),2005-11-01,0,2,0,2,0,4,4
JESUS DE MACHACA,desnutricion global,desnutricion grave (g),2005-11-01,2,0,0,0,2,0,2
LA ASUNTA,desnutricion global,desnutricion grave (g),2005-11-01,1,2,1,1,2,3,5
LA GUARDIA,desnutricion global,desnutricion grave (g),2005-11-01,0,3,3,0,3,3,6
LA PAZ,desnutricion global,desnutricion grave (g),2005-11-01,14,8,4,7,18,15,33
LAGUNILLAS,desnutricion global,desnutricion grave (g),2005-11-01,0,0,1,1,1,1,2
LAJA,desnutricion global,desnutricion grave (g),2005-11-01,1,0,3,1,4,1,5
LAS CARRERAS,desnutricion global,desnutricion grave (g),2005-11-01,0,0,1,0,1,0,1
LLALLAGUA,desnutricion global,desnutricion grave (g),2005-11-01,2,2,3,4,5,6,11
LURIBAY,desnutricion global,desnutricion grave (g),2005-11-01,2,2,0,0,2,2,4
MACHACAMARCA,desnutricion global,desnutricion grave (g),2005-11-01,1,0,0,0,1,0,1
MACHARETI,desnutricion global,desnutricion grave (g),2005-11-01,0,0,0,1,0,1,1
MAIRANA,desnutricion global,desnutricion grave (g),2005-11-01,1,0,0,1,1,1,2
MALLA,desnutricion global,desnutricion grave (g),2005-11-01,0,1,1,0,1,1,2
MAPIRI,desnutricion global,desnutricion grave (g),2005-11-01,0,4,0,1,0,5,5
MECAPACA,desnutricion global,desnutricion grave (g),2005-11-01,0,0,1,0,1,0,1
MINEROS,desnutricion global,desnutricion grave (g),2005-11-01,3,1,1,0,4,1,5
MIZQUE,desnutricion global,desnutricion grave (g),2005-11-01,0,0,2,0,2,0,2
MOCOMOCO,desnutricion global,desnutricion grave (g),2005-11-01,1,0,0,0,1,0,1
MOJOCOYA,desnutricion global,desnutricion grave (g),2005-11-01,1,0,0,0,1,0,1
MONTEAGUDO,desnutricion global,desnutricion grave (g),2005-11-01,0,0,0,4,0,4,4
MONTERO,desnutricion global,desnutricion grave (g),2005-11-01,12,7,0,1,12,8,20
MOROCHATA,desnutricion global,desnutricion grave (g),2005-11-01,6,4,0,4,6,8,14
NUEVO MANOA (NUEVA ESPERANZA),desnutricion global,desnutricion grave (g),2005-11-01,3,0,0,0,3,0,3
OCURI,desnutricion global,desnutricion grave (g),2005-11-01,5,6,7,5,12,11,23
OKINAWA,desnutricion global,desnutricion grave (g),2005-11-01,1,0,0,0,1,0,1
OMEREQUE,desnutricion global,desnutricion grave (g),2005-11-01,1,0,0,0,1,0,1
ORURO,desnutricion global,desnutricion grave (g),2005-11-01,6,7,2,3,8,10,18
PADCAYA,desnutricion global,desnutricion grave (g),2005-11-01,3,0,0,0,3,0,3
PADILLA,desnutricion global,desnutricion grave (g),2005-11-01,0,0,0,1,0,1,1
PALOS BLANCOS,desnutricion global,desnutricion grave (g),2005-11-01,4,5,2,3,6,8,14
PAMPA GRANDE,desnutricion global,desnutricion grave (g),2005-11-01,0,0,0,1,0,1,1
PASORAPA,desnutricion global,desnutricion grave (g),2005-11-01,1,0,0,1,1,1,2
PATACAMAYA,desnutricion global,desnutricion grave (g),2005-11-01,0,1,1,0,1,1,2
POCOATA,desnutricion global,desnutricion grave (g),2005-11-01,7,4,3,2,10,6,16
POCONA,desnutricion global,desnutricion grave (g),2005-11-01,3,0,2,1,5,1,6
POJO (CBBA),desnutricion global,desnutricion grave (g),2005-11-01,1,3,0,0,1,3,4
PORCO,desnutricion global,desnutricion grave (g),2005-11-01,2,1,0,0,2,1,3
POROMA,desnutricion global,desnutricion grave (g),2005-11-01,8,7,5,9,13,16,29
PORVENIR,desnutricion global,desnutricion grave (g),2005-11-01,1,0,0,0,1,0,1
POTOSI,desnutricion global,desnutricion grave (g),2005-11-01,7,6,3,3,10,9,19
PRESTO,desnutricion global,desnutricion grave (g),2005-11-01,3,4,2,1,5,5,10
PUCARANI,desnutricion global,desnutricion grave (g),2005-11-01,0,0,0,1,0,1,1
PUERTO ACOSTA,desnutricion global,desnutricion grave (g),2005-11-01,0,1,0,0,0,1,1
PUERTO CARABUCO,desnutricion global,desnutricion grave (g),2005-11-01,0,0,0,1,0,1,1
PUERTO GONZALO MORENO,desnutricion global,desnutricion grave (g),2005-11-01,0,1,0,5,0,6,6
PUERTO VILLARROEL,desnutricion global,desnutricion grave (g),2005-11-01,7,6,1,2,8,8,16
PUNA,desnutricion global,desnutricion grave (g),2005-11-01,7,2,2,1,9,3,12
QUILLACOLLO,desnutricion global,desnutricion grave (g),2005-11-01,6,0,3,3,9,3,12
QUIME,desnutricion global,desnutricion grave (g),2005-11-01,1,0,0,0,1,0,1
RAVELO,desnutricion global,desnutricion grave (g),2005-11-01,12,7,8,13,20,20,40
REYES,desnutricion global,desnutricion grave (g),2005-11-01,1,0,0,0,1,0,1
RIBERALTA,desnutricion global,desnutricion grave (g),2005-11-01,18,29,11,10,29,39,68
RURRENABAQUE,desnutricion global,desnutricion grave (g),2005-11-01,1,1,0,0,1,1,2
SACABA,desnutricion global,desnutricion grave (g),2005-11-01,6,1,2,3,8,4,12
SACACA,desnutricion global,desnutricion grave (g),2005-11-01,9,6,2,1,11,7,18
SALINAS DE GARCI MENDOZA,desnutricion global,desnutricion grave (g),2005-11-01,0,1,1,0,1,1,2
SAN ANTONIO DE LOMERIO,desnutricion global,desnutricion grave (g),2005-11-01,4,4,0,1,4,5,9
SAN BENITO,desnutricion global,desnutricion grave (g),2005-11-01,1,0,3,0,4,0,4
SAN BORJA,desnutricion global,desnutricion grave (g),2005-11-01,3,0,2,1,5,1,6
SAN BUENA VENTURA,desnutricion global,desnutricion grave (g),2005-11-01,0,0,0,3,0,3,3
SAN IGNACIO,desnutricion global,desnutricion grave (g),2005-11-01,3,2,0,1,3,3,6
SAN IGNACIO DE VELASCO,desnutricion global,desnutricion grave (g),2005-11-01,5,6,0,1,5,7,12
SAN JULIAN,desnutricion global,desnutricion grave (g),2005-11-01,1,2,1,2,2,4,6
SAN LORENZO(PND),desnutricion global,desnutricion grave (g),2005-11-01,0,1,0,0,0,1,1
SAN LORENZO(TJA),desnutricion global,desnutricion grave (g),2005-11-01,0,0,1,2,1,2,3
SAN LUCAS,desnutricion global,desnutricion grave (g),2005-11-01,9,4,6,8,15,12,27
SAN MIGUEL DE VELASCO,desnutricion global,desnutricion grave (g),2005-11-01,1,1,0,2,1,3,4
SAN PABLO DE LIPEZ,desnutricion global,desnutricion grave (g),2005-11-01,1,0,0,0,1,0,1
SAN PEDRO DE BUENA VISTA,desnutricion global,desnutricion grave (g),2005-11-01,7,5,5,6,12,11,23
SANTA ANA,desnutricion global,desnutricion grave (g),2005-11-01,0,2,0,0,0,2,2
SANTA CRUZ DE LA SIERRA,desnutricion global,desnutricion grave (g),2005-11-01,13,7,6,9,19,16,35
SANTA ROSA,desnutricion global,desnutricion grave (g),2005-11-01,1,1,1,0,2,1,3
SANTA ROSA DEL SARA,desnutricion global,desnutricion grave (g),2005-11-01,1,1,0,0,1,1,2
SANTIAGO DE HUARI,desnutricion global,desnutricion grave (g),2005-11-01,0,0,1,0,1,0,1
SANTIAGO DE MACHACA,desnutricion global,desnutricion grave (g),2005-11-01,0,1,0,0,0,1,1
SANTUARIO DE QUILLACAS,desnutricion global,desnutricion grave (g),2005-11-01,1,0,0,0,1,0,1
SENA,desnutricion global,desnutricion grave (g),2005-11-01,0,0,1,0,1,0,1
SICA SICA (VILLA AROMA),desnutricion global,desnutricion grave (g),2005-11-01,2,0,1,0,3,0,3
SIPE SIPE,desnutricion global,desnutricion grave (g),2005-11-01,5,0,2,3,7,3,10
SOPACHUY,desnutricion global,desnutricion grave (g),2005-11-01,2,1,0,3,2,4,6
SORACACHI,desnutricion global,desnutricion grave (g),2005-11-01,1,1,0,0,1,1,2
SORATA,desnutricion global,desnutricion grave (g),2005-11-01,1,0,0,0,1,0,1
SUCRE,desnutricion global,desnutricion grave (g),2005-11-01,5,7,2,4,7,11,18
TACACHI,desnutricion global,desnutricion grave (g),2005-11-01,1,0,0,0,1,0,1
TACOBAMBA,desnutricion global,desnutricion grave (g),2005-11-01,5,5,2,1,7,6,13
TACOPAYA,desnutricion global,desnutricion grave (g),2005-11-01,1,3,0,3,1,6,7
TAPACARI,desnutricion global,desnutricion grave (g),2005-11-01,6,0,5,6,11,6,17
TARABUCO,desnutricion global,desnutricion grave (g),2005-11-01,14,14,7,7,21,21,42
TARATA,desnutricion global,desnutricion grave (g),2005-11-01,1,2,0,0,1,2,3
TARIJA,desnutricion global,desnutricion grave (g),2005-11-01,2,4,1,4,3,8,11
TARVITA,desnutricion global,desnutricion grave (g),2005-11-01,4,5,1,2,5,7,12
TIAWANACU,desnutricion global,desnutricion grave (g),2005-11-01,0,1,0,0,0,1,1
TINGUIPAYA,desnutricion global,desnutricion grave (g),2005-11-01,12,10,3,1,15,11,26
TIQUIPAYA,desnutricion global,desnutricion grave (g),2005-11-01,1,0,0,0,1,0,1
TIRAQUE (CBBA),desnutricion global,desnutricion grave (g),2005-11-01,4,2,3,1,7,3,10
TOCO,desnutricion global,desnutricion grave (g),2005-11-01,1,0,0,1,1,1,2
TOLATA,desnutricion global,desnutricion grave (g),2005-11-01,0,0,2,0,2,0,2
TOMINA,desnutricion global,desnutricion grave (g),2005-11-01,1,1,2,1,3,2,5
TORO TORO,desnutricion global,desnutricion grave (g),2005-11-01,4,7,1,2,5,9,14
TOTORA(CBBA),desnutricion global,desnutricion grave (g),2005-11-01,0,0,0,1,0,1,1
TOTORA(ORR),desnutricion global,desnutricion grave (g),2005-11-01,1,0,1,0,2,0,2
TRINIDAD,desnutricion global,desnutricion grave (g),2005-11-01,8,2,0,2,8,4,12
TUPIZA,desnutricion global,desnutricion grave (g),2005-11-01,3,0,0,1,3,1,4
UNCIA,desnutricion global,desnutricion grave (g),2005-11-01,0,0,2,1,2,1,3
URIONDO (A. CONCEPCION),desnutricion global,desnutricion grave (g),2005-11-01,1,0,0,0,1,0,1
UYUNI,desnutricion global,desnutricion grave (g),2005-11-01,1,0,0,0,1,0,1
VACAS,desnutricion global,desnutricion grave (g),2005-11-01,5,0,0,1,5,1,6
VALLEGRANDE,desnutricion global,desnutricion grave (g),2005-11-01,1,1,0,2,1,3,4
VIACHA,desnutricion global,desnutricion grave (g),2005-11-01,3,1,0,1,3,2,5
VILA VILA,desnutricion global,desnutricion grave (g),2005-11-01,0,0,1,0,1,0,1
VILLA MONTES,desnutricion global,desnutricion grave (g),2005-11-01,3,1,0,1,3,2,5
VILLA NUEVA (LOMA ALTA),desnutricion global,desnutricion grave (g),2005-11-01,1,1,0,0,1,1,2
VILLA RIVERO,desnutricion global,desnutricion grave (g),2005-11-01,1,0,0,1,1,1,2
VILLA SERRANO,desnutricion global,desnutricion grave (g),2005-11-01,4,1,1,1,5,2,7
VILLA TUNARI,desnutricion global,desnutricion grave (g),2005-11-01,4,2,1,4,5,6,11
VILLA VACA GUZMAN (MUYUPAMPA),desnutricion global,desnutricion grave (g),2005-11-01,0,1,0,0,0,1,1
VILLAZON,desnutricion global,desnutricion grave (g),2005-11-01,1,2,1,0,2,2,4
VINTO,desnutricion global,desnutricion grave (g),2005-11-01,1,1,1,1,2,2,4
VITICHI,desnutricion global,desnutricion grave (g),2005-11-01,2,2,1,0,3,2,5
WARNES,desnutricion global,desnutricion grave (g),2005-11-01,1,3,0,1,1,4,5
YACO,desnutricion global,desnutricion grave (g),2005-11-01,1,2,2,1,3,3,6
YACUIBA,desnutricion global,desnutricion grave (g),2005-11-01,1,2,1,1,2,3,5
YAMPARAEZ,desnutricion global,desnutricion grave (g),2005-11-01,3,2,0,2,3,4,7
YAPACANI,desnutricion global,desnutricion grave (g),2005-11-01,2,3,2,2,4,5,9
YOCALLA,desnutricion global,desnutricion grave (g),2005-11-01,0,1,0,0,0,1,1
YOTALA,desnutricion global,desnutricion grave (g),2005-11-01,2,3,0,0,2,3,5
YUNCHARA,desnutricion global,desnutricion grave (g),2005-11-01,3,0,0,0,3,0,3
ZUDAÑEZ,desnutricion global,desnutricion grave (g),2005-11-01,2,2,3,2,5,4,9
ACACIO,desnutricion global,desnutricion grave (g),2005-12-01,2,0,0,0,2,0,2
ACHACACHI,desnutricion global,desnutricion grave (g),2005-12-01,1,1,0,0,1,1,2
AIQUILE,desnutricion global,desnutricion grave (g),2005-12-01,0,1,0,1,0,2,2
ALCALA,desnutricion global,desnutricion grave (g),2005-12-01,1,1,0,5,1,6,7
ANDAMARCA,desnutricion global,desnutricion grave (g),2005-12-01,2,0,0,0,2,0,2
ANTEQUERA,desnutricion global,desnutricion grave (g),2005-12-01,0,1,0,0,0,1,1
APOLO,desnutricion global,desnutricion grave (g),2005-12-01,3,0,0,0,3,0,3
ARAMPAMPA,desnutricion global,desnutricion grave (g),2005-12-01,4,1,15,13,19,14,33
ARANI,desnutricion global,desnutricion grave (g),2005-12-01,1,0,0,0,1,0,1
ARBIETO,desnutricion global,desnutricion grave (g),2005-12-01,1,0,1,0,2,0,2
ARQUE,desnutricion global,desnutricion grave (g),2005-12-01,1,1,1,1,2,2,4
ATOCHA,desnutricion global,desnutricion grave (g),2005-12-01,1,1,0,3,1,4,5
AUCAPATA,desnutricion global,desnutricion grave (g),2005-12-01,1,0,0,1,1,1,2
AYATA,desnutricion global,desnutricion grave (g),2005-12-01,1,0,1,2,2,2,4
AYO AYO,desnutricion global,desnutricion grave (g),2005-12-01,2,0,0,0,2,0,2
AYOPAYA (V. DE INDEPENDENCIA),desnutricion global,desnutricion grave (g),2005-12-01,3,5,3,1,6,6,12
AZURDUY,desnutricion global,desnutricion grave (g),2005-12-01,0,3,1,2,1,5,6
BATALLAS,desnutricion global,desnutricion grave (g),2005-12-01,0,2,0,0,0,2,2
BAURES,desnutricion global,desnutricion grave (g),2005-12-01,0,0,1,0,1,0,1
BELEN DE ANDAMARCA,desnutricion global,desnutricion grave (g),2005-12-01,0,2,0,0,0,2,2
BETANZOS,desnutricion global,desnutricion grave (g),2005-12-01,7,6,0,6,7,12,19
BOLIVAR,desnutricion global,desnutricion grave (g),2005-12-01,3,4,0,1,3,5,8
BOYUIBE,desnutricion global,desnutricion grave (g),2005-12-01,0,1,0,0,0,1,1
CABEZAS,desnutricion global,desnutricion grave (g),2005-12-01,0,0,0,1,0,1,1
CAIROMA,desnutricion global,desnutricion grave (g),2005-12-01,1,2,0,0,1,2,3
"CAIZA ""D""",desnutricion global,desnutricion grave (g),2005-12-01,0,0,0,2,0,2,2
CALAMARCA,desnutricion global,desnutricion grave (g),2005-12-01,4,2,0,0,4,2,6
CAMARGO,desnutricion global,desnutricion grave (g),2005-12-01,2,1,0,2,2,3,5
CAMATAQUI (C. VILLA ABECIA),desnutricion global,desnutricion grave (g),2005-12-01,2,1,1,0,3,1,4
CAMIRI,desnutricion global,desnutricion grave (g),2005-12-01,1,3,1,0,2,3,5
CAPINOTA,desnutricion global,desnutricion grave (g),2005-12-01,2,2,0,2,2,4,6
CARANAVI,desnutricion global,desnutricion grave (g),2005-12-01,2,0,2,1,4,1,5
CARAPARI,desnutricion global,desnutricion grave (g),2005-12-01,0,0,1,0,1,0,1
CARIPUYO,desnutricion global,desnutricion grave (g),2005-12-01,0,2,2,3,2,5,7
CHALLAPATA,desnutricion global,desnutricion grave (g),2005-12-01,1,1,0,0,1,1,2
CHAQUI,desnutricion global,desnutricion grave (g),2005-12-01,0,1,2,1,2,2,4
CHARAGUA,desnutricion global,desnutricion grave (g),2005-12-01,3,2,1,2,4,4,8
CHAYANTA,desnutricion global,desnutricion grave (g),2005-12-01,4,1,1,1,5,2,7
CHIMORE,desnutricion global,desnutricion grave (g),2005-12-01,0,0,0,1,0,1,1
CHIPAYA,desnutricion global,desnutricion grave (g),2005-12-01,0,1,0,0,0,1,1
CHULUMANI (V. DE LA LIBERTAD),desnutricion global,desnutricion grave (g),2005-12-01,0,0,1,0,1,0,1
CHUMA,desnutricion global,desnutricion grave (g),2005-12-01,1,0,1,0,2,0,2
CLIZA,desnutricion global,desnutricion grave (g),2005-12-01,5,1,0,0,5,1,6
COBIJA,desnutricion global,desnutricion grave (g),2005-12-01,4,1,1,0,5,1,6
COCHABAMBA,desnutricion global,desnutricion grave (g),2005-12-01,25,7,4,4,29,11,40
COLCAPIRHUA,desnutricion global,desnutricion grave (g),2005-12-01,2,0,0,0,2,0,2
COLOMI,desnutricion global,desnutricion grave (g),2005-12-01,2,5,2,1,4,6,10
COLQUECHACA,desnutricion global,desnutricion grave (g),2005-12-01,1,1,3,2,4,3,7
COLQUENCHA,desnutricion global,desnutricion grave (g),2005-12-01,0,0,0,1,0,1,1
COLQUIRI,desnutricion global,desnutricion grave (g),2005-12-01,1,0,0,0,1,0,1
COMANCHE,desnutricion global,desnutricion grave (g),2005-12-01,1,0,0,0,1,0,1
COPACABANA,desnutricion global,desnutricion grave (g),2005-12-01,0,1,0,0,0,1,1
COTAGAITA,desnutricion global,desnutricion grave (g),2005-12-01,2,4,0,2,2,6,8
CUATRO CAÑADAS,desnutricion global,desnutricion grave (g),2005-12-01,0,0,1,0,1,0,1
CULPINA,desnutricion global,desnutricion grave (g),2005-12-01,4,2,3,0,7,2,9
CURAHUARA DE CARANGAS,desnutricion global,desnutricion grave (g),2005-12-01,0,1,0,0,0,1,1
EL ALTO,desnutricion global,desnutricion grave (g),2005-12-01,32,21,7,14,39,35,74
EL PUENTE(TJA),desnutricion global,desnutricion grave (g),2005-12-01,0,0,1,0,1,0,1
EL TORNO,desnutricion global,desnutricion grave (g),2005-12-01,0,1,1,1,1,2,3
EL VILLAR,desnutricion global,desnutricion grave (g),2005-12-01,1,0,0,1,1,1,2
ENTRE RIOS,desnutricion global,desnutricion grave (g),2005-12-01,2,1,1,1,3,2,5
ENTRE RIOS,desnutricion global,desnutricion grave (g),2005-12-01,10,1,1,0,11,1,12
EUREKA (SANTOS MERCADO),desnutricion global,desnutricion grave (g),2005-12-01,0,1,0,0,0,1,1
FERNANDEZ ALONSO,desnutricion global,desnutricion grave (g),2005-12-01,1,1,0,0,1,1,2
GENERAL SAAVEDRA,desnutricion global,desnutricion grave (g),2005-12-01,0,2,1,0,1,2,3
GRAL. J.J. PEREZ (CHARAZANI),desnutricion global,desnutricion grave (g),2005-12-01,1,0,0,0,1,0,1
GUAYARAMERIN,desnutricion global,desnutricion grave (g),2005-12-01,1,1,0,0,1,1,2
GUTIERREZ,desnutricion global,desnutricion grave (g),2005-12-01,6,4,3,5,9,9,18
HUACARETA,desnutricion global,desnutricion grave (g),2005-12-01,0,1,2,0,2,1,3
HUANUNI,desnutricion global,desnutricion grave (g),2005-12-01,2,0,0,0,2,0,2
ICLA,desnutricion global,desnutricion grave (g),2005-12-01,7,3,2,2,9,5,14
INCAHUASI,desnutricion global,desnutricion grave (g),2005-12-01,8,2,3,5,11,7,18
INGAVI (HUMAITA),desnutricion global,desnutricion grave (g),2005-12-01,0,1,0,0,0,1,1
INQUISIVI,desnutricion global,desnutricion grave (g),2005-12-01,0,1,0,1,0,2,2
IXIAMAS,desnutricion global,desnutricion grave (g),2005-12-01,1,1,0,0,1,1,2
LA ASUNTA,desnutricion global,desnutricion grave (g),2005-12-01,0,0,1,1,1,1,2
LA PAZ,desnutricion global,desnutricion grave (g),2005-12-01,10,11,2,2,12,13,25
LAGUNILLAS,desnutricion global,desnutricion grave (g),2005-12-01,1,1,0,0,1,1,2
LLALLAGUA,desnutricion global,desnutricion grave (g),2005-12-01,3,4,1,2,4,6,10
LURIBAY,desnutricion global,desnutricion grave (g),2005-12-01,3,0,0,1,3,1,4
MACHARETI,desnutricion global,desnutricion grave (g),2005-12-01,0,0,0,1,0,1,1
MAGDALENA,desnutricion global,desnutricion grave (g),2005-12-01,0,1,0,0,0,1,1
MAPIRI,desnutricion global,desnutricion grave (g),2005-12-01,2,1,0,3,2,4,6
MINEROS,desnutricion global,desnutricion grave (g),2005-12-01,2,1,0,0,2,1,3
MIZQUE,desnutricion global,desnutricion grave (g),2005-12-01,4,3,2,1,6,4,10
MOCOMOCO,desnutricion global,desnutricion grave (g),2005-12-01,0,1,1,0,1,1,2
MOJOCOYA,desnutricion global,desnutricion grave (g),2005-12-01,1,1,0,0,1,1,2
MONTEAGUDO,desnutricion global,desnutricion grave (g),2005-12-01,1,1,1,3,2,4,6
MONTERO,desnutricion global,desnutricion grave (g),2005-12-01,12,11,1,4,13,15,28
MORO MORO,desnutricion global,desnutricion grave (g),2005-12-01,1,0,0,0,1,0,1
MOROCHATA,desnutricion global,desnutricion grave (g),2005-12-01,2,0,0,1,2,1,3
NUEVO MANOA (NUEVA ESPERANZA),desnutricion global,desnutricion grave (g),2005-12-01,2,0,0,0,2,0,2
OCURI,desnutricion global,desnutricion grave (g),2005-12-01,5,5,1,3,6,8,14
ORURO,desnutricion global,desnutricion grave (g),2005-12-01,1,7,0,3,1,10,11
PADCAYA,desnutricion global,desnutricion grave (g),2005-12-01,1,0,0,0,1,0,1
PADILLA,desnutricion global,desnutricion grave (g),2005-12-01,3,0,1,3,4,3,7
PALOS BLANCOS,desnutricion global,desnutricion grave (g),2005-12-01,3,1,0,4,3,5,8
PAMPA GRANDE,desnutricion global,desnutricion grave (g),2005-12-01,2,3,0,0,2,3,5
PASORAPA,desnutricion global,desnutricion grave (g),2005-12-01,1,0,0,0,1,0,1
POCOATA,desnutricion global,desnutricion grave (g),2005-12-01,3,10,5,5,8,15,23
POCONA,desnutricion global,desnutricion grave (g),2005-12-01,2,3,0,0,2,3,5
PORCO,desnutricion global,desnutricion grave (g),2005-12-01,1,0,0,0,1,0,1
POROMA,desnutricion global,desnutricion grave (g),2005-12-01,3,3,4,3,7,6,13
PORTACHUELO,desnutricion global,desnutricion grave (g),2005-12-01,2,0,0,0,2,0,2
POTOSI,desnutricion global,desnutricion grave (g),2005-12-01,12,6,2,2,14,8,22
PRESTO,desnutricion global,desnutricion grave (g),2005-12-01,2,2,2,1,4,3,7
PUCARANI,desnutricion global,desnutricion grave (g),2005-12-01,6,0,0,0,6,0,6
PUERTO GONZALO MORENO,desnutricion global,desnutricion grave (g),2005-12-01,5,2,0,0,5,2,7
PUERTO VILLARROEL,desnutricion global,desnutricion grave (g),2005-12-01,1,6,1,1,2,7,9
PUNA,desnutricion global,desnutricion grave (g),2005-12-01,9,4,3,4,12,8,20
PUNATA,desnutricion global,desnutricion grave (g),2005-12-01,1,1,2,0,3,1,4
QUILLACOLLO,desnutricion global,desnutricion grave (g),2005-12-01,5,2,2,0,7,2,9
QUIME,desnutricion global,desnutricion grave (g),2005-12-01,0,1,0,0,0,1,1
RAVELO,desnutricion global,desnutricion grave (g),2005-12-01,11,7,10,11,21,18,39
REYES,desnutricion global,desnutricion grave (g),2005-12-01,0,0,0,1,0,1,1
RIBERALTA,desnutricion global,desnutricion grave (g),2005-12-01,13,14,4,3,17,17,34
SACABA,desnutricion global,desnutricion grave (g),2005-12-01,1,3,0,3,1,6,7
SACACA,desnutricion global,desnutricion grave (g),2005-12-01,10,6,6,2,16,8,24
SAIPINA,desnutricion global,desnutricion grave (g),2005-12-01,1,1,0,0,1,1,2
SAMAIPATA,desnutricion global,desnutricion grave (g),2005-12-01,1,0,1,0,2,0,2
SAN ANTONIO DE LOMERIO,desnutricion global,desnutricion grave (g),2005-12-01,0,0,0,1,0,1,1
SAN BENITO,desnutricion global,desnutricion grave (g),2005-12-01,0,1,0,0,0,1,1
SAN BORJA,desnutricion global,desnutricion grave (g),2005-12-01,3,4,1,2,4,6,10
SAN IGNACIO,desnutricion global,desnutricion grave (g),2005-12-01,0,2,1,2,1,4,5
SAN IGNACIO DE VELASCO,desnutricion global,desnutricion grave (g),2005-12-01,1,8,3,3,4,11,15
SAN JULIAN,desnutricion global,desnutricion grave (g),2005-12-01,0,1,0,0,0,1,1
SAN LORENZO(PND),desnutricion global,desnutricion grave (g),2005-12-01,0,3,0,0,0,3,3
SAN LORENZO(TJA),desnutricion global,desnutricion grave (g),2005-12-01,0,0,0,1,0,1,1
SAN LUCAS,desnutricion global,desnutricion grave (g),2005-12-01,5,6,5,2,10,8,18
SAN PEDRO,desnutricion global,desnutricion grave (g),2005-12-01,1,1,0,1,1,2,3
SAN PEDRO DE BUENA VISTA,desnutricion global,desnutricion grave (g),2005-12-01,4,5,6,2,10,7,17
SAN PEDRO(PND),desnutricion global,desnutricion grave (g),2005-12-01,0,1,0,0,0,1,1
SANTA CRUZ DE LA SIERRA,desnutricion global,desnutricion grave (g),2005-12-01,24,20,8,14,32,34,66
SANTA ROSA,desnutricion global,desnutricion grave (g),2005-12-01,0,3,1,0,1,3,4
SANTIVAÑES,desnutricion global,desnutricion grave (g),2005-12-01,0,1,0,0,0,1,1
SENA,desnutricion global,desnutricion grave (g),2005-12-01,1,0,0,0,1,0,1
SICA SICA (VILLA AROMA),desnutricion global,desnutricion grave (g),2005-12-01,0,2,2,2,2,4,6
SICAYA,desnutricion global,desnutricion grave (g),2005-12-01,2,0,0,0,2,0,2
SIPE SIPE,desnutricion global,desnutricion grave (g),2005-12-01,5,1,1,0,6,1,7
SOPACHUY,desnutricion global,desnutricion grave (g),2005-12-01,3,2,0,1,3,3,6
SUCRE,desnutricion global,desnutricion grave (g),2005-12-01,4,1,2,2,6,3,9
TACOBAMBA,desnutricion global,desnutricion grave (g),2005-12-01,1,2,0,1,1,3,4
TACOPAYA,desnutricion global,desnutricion grave (g),2005-12-01,2,2,1,1,3,3,6
TAPACARI,desnutricion global,desnutricion grave (g),2005-12-01,0,1,2,0,2,1,3
TARABUCO,desnutricion global,desnutricion grave (g),2005-12-01,11,15,9,8,20,23,43
TARIJA,desnutricion global,desnutricion grave (g),2005-12-01,4,6,4,5,8,11,19
TARVITA,desnutricion global,desnutricion grave (g),2005-12-01,2,0,1,2,3,2,5
TINGUIPAYA,desnutricion global,desnutricion grave (g),2005-12-01,4,6,1,6,5,12,17
TIPUANI,desnutricion global,desnutricion grave (g),2005-12-01,0,3,0,0,0,3,3
TIRAQUE (CBBA),desnutricion global,desnutricion grave (g),2005-12-01,4,2,1,0,5,2,7
TOMAVE,desnutricion global,desnutricion grave (g),2005-12-01,0,1,0,0,0,1,1
TOMINA,desnutricion global,desnutricion grave (g),2005-12-01,4,0,1,3,5,3,8
TORO TORO,desnutricion global,desnutricion grave (g),2005-12-01,4,1,4,3,8,4,12
TOTORA(CBBA),desnutricion global,desnutricion grave (g),2005-12-01,0,0,1,0,1,0,1
TRINIDAD,desnutricion global,desnutricion grave (g),2005-12-01,4,4,4,2,8,6,14
TUPIZA,desnutricion global,desnutricion grave (g),2005-12-01,3,0,1,0,4,0,4
UNCIA,desnutricion global,desnutricion grave (g),2005-12-01,1,0,2,2,3,2,5
URIONDO (A. CONCEPCION),desnutricion global,desnutricion grave (g),2005-12-01,0,0,0,2,0,2,2
UYUNI,desnutricion global,desnutricion grave (g),2005-12-01,0,2,0,0,0,2,2
VACAS,desnutricion global,desnutricion grave (g),2005-12-01,2,1,0,0,2,1,3
VALLEGRANDE,desnutricion global,desnutricion grave (g),2005-12-01,0,3,1,2,1,5,6
VIACHA,desnutricion global,desnutricion grave (g),2005-12-01,0,1,0,0,0,1,1
VILA VILA,desnutricion global,desnutricion grave (g),2005-12-01,0,3,0,0,0,3,3
VILLA MONTES,desnutricion global,desnutricion grave (g),2005-12-01,0,5,0,0,0,5,5
VILLA NUEVA (LOMA ALTA),desnutricion global,desnutricion grave (g),2005-12-01,0,0,0,1,0,1,1
VILLA RIVERO,desnutricion global,desnutricion grave (g),2005-12-01,1,0,0,0,1,0,1
VILLA SERRANO,desnutricion global,desnutricion grave (g),2005-12-01,2,2,2,2,4,4,8
VILLA TUNARI,desnutricion global,desnutricion grave (g),2005-12-01,1,4,5,2,6,6,12
VILLA VACA GUZMAN (MUYUPAMPA),desnutricion global,desnutricion grave (g),2005-12-01,0,3,0,1,0,4,4
VILLAZON,desnutricion global,desnutricion grave (g),2005-12-01,0,1,0,1,0,2,2
VINTO,desnutricion global,desnutricion grave (g),2005-12-01,2,2,1,1,3,3,6
VITICHI,desnutricion global,desnutricion grave (g),2005-12-01,0,1,0,0,0,1,1
WARNES,desnutricion global,desnutricion grave (g),2005-12-01,0,6,0,1,0,7,7
YACO,desnutricion global,desnutricion grave (g),2005-12-01,0,0,1,0,1,0,1
YACUIBA,desnutricion global,desnutricion grave (g),2005-12-01,2,3,4,3,6,6,12
YAMPARAEZ,desnutricion global,desnutricion grave (g),2005-12-01,3,2,1,1,4,3,7
YAPACANI,desnutricion global,desnutricion grave (g),2005-12-01,4,2,0,2,4,4,8
YOCALLA,desnutricion global,desnutricion grave (g),2005-12-01,0,1,0,0,0,1,1
YOTALA,desnutricion global,desnutricion grave (g),2005-12-01,2,0,0,0,2,0,2
ZUDAÑEZ,desnutricion global,desnutricion grave (g),2005-12-01,2,1,1,1,3,2,5
